user_alias,event_type,created_at
usr4273,PushEvent,2024-01-02T06:03:22Z
usr4273,CreateEvent,2023-12-13T04:14:47Z
usr4273,ReleaseEvent,2023-12-13T04:14:46Z
usr4273,PushEvent,2023-12-13T04:09:57Z
usr4273,PushEvent,2023-12-09T23:21:51Z
usr4273,WatchEvent,2023-12-09T22:51:34Z
usr4273,ReleaseEvent,2023-12-09T22:05:30Z
usr4273,PushEvent,2023-12-09T22:03:07Z
usr4273,CreateEvent,2023-12-09T21:58:09Z
usr4273,ReleaseEvent,2023-12-09T21:58:08Z
usr4273,WatchEvent,2023-12-09T12:19:00Z
usr4273,CreateEvent,2023-12-09T05:05:13Z
usr4273,ReleaseEvent,2023-12-09T05:05:13Z
usr4273,PushEvent,2023-12-09T05:03:16Z
usr4273,CreateEvent,2023-12-06T19:45:03Z
usr4273,ReleaseEvent,2023-12-06T19:45:03Z
usr4273,PushEvent,2023-12-06T19:38:52Z
usr4273,PushEvent,2023-12-06T01:52:29Z
usr4273,PushEvent,2023-12-05T02:46:28Z
usr4273,PushEvent,2023-12-05T02:42:11Z
usr4273,PushEvent,2023-12-05T02:23:49Z
usr4273,CreateEvent,2023-12-03T15:00:12Z
usr4273,ReleaseEvent,2023-12-03T15:00:12Z
usr4273,PushEvent,2023-12-03T14:54:54Z
usr4273,PushEvent,2023-12-03T14:44:40Z
usr4273,PushEvent,2023-12-02T05:46:02Z
usr4273,PushEvent,2023-12-02T05:40:33Z
usr4273,PushEvent,2023-12-02T05:36:58Z
usr4273,PushEvent,2023-12-02T05:31:05Z
usr4273,CreateEvent,2023-12-02T02:37:21Z
usr4273,ReleaseEvent,2023-12-02T02:37:21Z
usr4273,PushEvent,2023-12-02T02:25:43Z
usr4273,PushEvent,2023-11-30T02:21:30Z
usr4273,WatchEvent,2023-11-29T22:37:22Z
usr4273,PushEvent,2023-11-27T21:21:02Z
usr4273,CreateEvent,2023-11-27T21:15:52Z
usr4273,ReleaseEvent,2023-11-27T21:15:51Z
usr4273,PushEvent,2023-11-27T21:09:15Z
usr4273,PushEvent,2023-11-18T16:58:42Z
usr4273,PushEvent,2023-11-17T21:51:02Z
usr4273,PushEvent,2023-11-16T02:44:05Z
usr4273,PushEvent,2023-11-16T02:36:20Z
usr4273,PushEvent,2023-11-15T16:58:43Z
usr4273,PushEvent,2023-11-15T16:58:06Z
usr4273,PushEvent,2023-11-15T16:50:24Z
usr4273,PushEvent,2023-11-15T16:46:57Z
usr4273,PushEvent,2023-11-15T16:44:50Z
usr4273,PublicEvent,2023-11-15T04:19:20Z
usr4273,PushEvent,2023-11-10T00:13:58Z
usr4273,WatchEvent,2023-10-19T00:14:44Z
usr4273,WatchEvent,2023-10-17T01:21:39Z
usr4274,None,None
usr4275,None,None
usr4276,PushEvent,2024-01-04T16:30:53Z
usr4276,PushEvent,2024-01-02T22:47:26Z
usr4276,PushEvent,2024-01-02T22:01:27Z
usr4276,PushEvent,2024-01-02T21:10:01Z
usr4276,PushEvent,2024-01-02T20:47:27Z
usr4276,PushEvent,2024-01-02T19:16:01Z
usr4276,PushEvent,2024-01-02T16:34:45Z
usr4276,CreateEvent,2024-01-02T16:09:42Z
usr4276,CreateEvent,2024-01-02T16:09:01Z
usr4276,PushEvent,2023-12-09T10:00:35Z
usr4276,PushEvent,2023-12-09T09:51:03Z
usr4276,PushEvent,2023-12-09T07:37:29Z
usr4276,PushEvent,2023-12-09T06:32:58Z
usr4276,PushEvent,2023-12-09T03:44:10Z
usr4276,PushEvent,2023-12-08T23:51:48Z
usr4276,PushEvent,2023-12-08T22:22:53Z
usr4276,PushEvent,2023-12-08T19:45:02Z
usr4276,PushEvent,2023-12-07T23:29:12Z
usr4276,PushEvent,2023-12-07T06:32:26Z
usr4276,PushEvent,2023-12-07T05:12:46Z
usr4276,PushEvent,2023-12-05T22:40:12Z
usr4276,PushEvent,2023-12-05T08:46:33Z
usr4276,PushEvent,2023-12-05T08:43:35Z
usr4276,PushEvent,2023-12-05T08:37:40Z
usr4276,PushEvent,2023-12-05T08:37:09Z
usr4276,PushEvent,2023-12-05T08:36:53Z
usr4276,PushEvent,2023-12-05T06:39:36Z
usr4276,PushEvent,2023-12-05T06:39:23Z
usr4276,MemberEvent,2023-12-05T06:09:08Z
usr4276,PushEvent,2023-12-05T06:07:17Z
usr4276,PushEvent,2023-12-04T07:22:00Z
usr4276,PushEvent,2023-12-04T07:19:55Z
usr4276,PushEvent,2023-12-04T07:19:40Z
usr4276,PushEvent,2023-12-04T05:19:03Z
usr4276,PushEvent,2023-12-04T04:38:37Z
usr4276,PushEvent,2023-12-04T04:37:13Z
usr4276,PushEvent,2023-12-04T03:17:29Z
usr4276,PushEvent,2023-12-02T17:43:20Z
usr4276,PushEvent,2023-12-01T23:41:44Z
usr4276,PushEvent,2023-12-01T20:35:20Z
usr4276,PushEvent,2023-12-01T17:53:54Z
usr4276,PushEvent,2023-12-01T17:50:59Z
usr4276,PushEvent,2023-12-01T06:20:54Z
usr4276,PushEvent,2023-11-29T05:49:58Z
usr4276,CreateEvent,2023-11-29T05:48:46Z
usr4276,CreateEvent,2023-11-29T05:47:46Z
usr4276,CreateEvent,2023-11-29T05:19:40Z
usr4276,MemberEvent,2023-11-29T05:19:24Z
usr4276,CreateEvent,2023-11-29T05:19:01Z
usr4276,MemberEvent,2023-11-29T05:14:27Z
usr4276,CreateEvent,2023-11-29T05:12:55Z
usr4276,CreateEvent,2023-11-29T05:11:53Z
usr4276,PushEvent,2023-11-19T22:49:56Z
usr4276,PushEvent,2023-11-19T22:40:02Z
usr4276,PushEvent,2023-11-19T22:11:33Z
usr4276,PushEvent,2023-11-19T16:39:20Z
usr4276,PushEvent,2023-11-19T16:29:43Z
usr4276,PushEvent,2023-11-19T04:55:38Z
usr4276,PushEvent,2023-11-18T19:28:45Z
usr4276,PushEvent,2023-11-18T18:35:12Z
usr4276,PushEvent,2023-11-18T05:35:26Z
usr4276,PushEvent,2023-11-18T05:23:56Z
usr4276,PushEvent,2023-11-17T03:49:36Z
usr4276,PushEvent,2023-11-16T05:46:55Z
usr4276,PushEvent,2023-11-16T05:40:18Z
usr4276,PushEvent,2023-11-14T05:29:05Z
usr4276,PushEvent,2023-11-14T05:21:51Z
usr4276,PushEvent,2023-11-13T05:13:04Z
usr4276,PushEvent,2023-11-13T04:38:00Z
usr4276,PushEvent,2023-11-13T03:58:05Z
usr4276,PushEvent,2023-11-13T03:45:12Z
usr4276,MemberEvent,2023-11-12T05:32:50Z
usr4276,MemberEvent,2023-11-12T05:32:07Z
usr4276,CreateEvent,2023-11-12T05:29:42Z
usr4276,CreateEvent,2023-11-12T05:29:20Z
usr4276,ForkEvent,2023-11-01T02:08:06Z
usr4276,PushEvent,2023-10-31T05:25:03Z
usr4276,PushEvent,2023-10-30T05:36:03Z
usr4276,PushEvent,2023-10-30T05:02:36Z
usr4276,PushEvent,2023-10-30T02:27:21Z
usr4276,PushEvent,2023-10-29T03:41:13Z
usr4276,PushEvent,2023-10-29T01:55:40Z
usr4276,PushEvent,2023-10-28T01:01:24Z
usr4276,PushEvent,2023-10-28T00:14:36Z
usr4276,MemberEvent,2023-10-27T03:40:00Z
usr4276,MemberEvent,2023-10-23T16:14:09Z
usr4276,MemberEvent,2023-10-23T14:53:39Z
usr4276,PushEvent,2023-10-23T06:27:34Z
usr4276,PushEvent,2023-10-23T06:19:41Z
usr4276,CreateEvent,2023-10-23T06:18:32Z
usr4276,CreateEvent,2023-10-23T06:18:01Z
usr4278,None,None
usr4280,PushEvent,2024-01-15T09:50:52Z
usr4280,PushEvent,2024-01-15T07:26:15Z
usr4280,PushEvent,2024-01-15T07:00:34Z
usr4280,PushEvent,2024-01-13T08:56:12Z
usr4280,CreateEvent,2024-01-13T08:45:25Z
usr4280,CreateEvent,2024-01-13T08:43:50Z
usr4280,PushEvent,2024-01-13T08:17:13Z
usr4280,PushEvent,2024-01-13T08:16:46Z
usr4280,PushEvent,2024-01-13T07:37:18Z
usr4280,CreateEvent,2024-01-13T06:53:11Z
usr4280,CreateEvent,2024-01-13T06:47:30Z
usr4280,PushEvent,2023-12-25T20:54:54Z
usr4280,PushEvent,2023-12-25T20:49:08Z
usr4280,PushEvent,2023-12-25T20:35:20Z
usr4280,PushEvent,2023-12-25T20:29:17Z
usr4280,PushEvent,2023-12-25T20:22:46Z
usr4280,PushEvent,2023-12-25T20:21:07Z
usr4280,PushEvent,2023-12-25T20:17:21Z
usr4280,PushEvent,2023-12-25T20:12:56Z
usr4280,PushEvent,2023-12-25T20:05:30Z
usr4280,PushEvent,2023-12-25T20:01:26Z
usr4281,PushEvent,2023-10-24T12:22:24Z
usr4281,PushEvent,2023-10-24T12:20:32Z
usr4281,PushEvent,2023-10-24T12:16:39Z
usr4281,PushEvent,2023-10-24T12:11:15Z
usr4281,PushEvent,2023-10-24T12:10:14Z
usr4281,PushEvent,2023-10-24T12:09:45Z
usr4281,CreateEvent,2023-10-24T12:05:56Z
usr4281,CreateEvent,2023-10-24T09:32:19Z
usr4282,CreateEvent,2024-01-11T22:30:21Z
usr4283,WatchEvent,2023-12-20T09:14:53Z
usr4283,WatchEvent,2023-12-20T09:14:46Z
usr4283,WatchEvent,2023-12-20T09:14:14Z
usr4283,WatchEvent,2023-12-20T09:11:58Z
usr4284,WatchEvent,2024-01-15T16:50:46Z
usr4284,WatchEvent,2024-01-13T07:58:51Z
usr4284,IssuesEvent,2023-12-05T11:50:19Z
usr4284,CreateEvent,2023-12-05T11:48:03Z
usr4284,CreateEvent,2023-12-05T11:47:00Z
usr4284,WatchEvent,2023-11-05T16:32:08Z
usr4284,WatchEvent,2023-11-05T16:32:07Z
usr4284,WatchEvent,2023-11-05T16:23:35Z
usr4286,None,None
usr4288,None,None
usr4289,PushEvent,2024-01-11T21:01:17Z
usr4289,CreateEvent,2024-01-09T20:11:21Z
usr4289,CreateEvent,2024-01-09T20:11:20Z
usr4289,PushEvent,2024-01-09T20:09:58Z
usr4289,PushEvent,2024-01-07T11:47:30Z
usr4289,PushEvent,2024-01-06T13:00:48Z
usr4289,WatchEvent,2024-01-04T12:47:32Z
usr4289,WatchEvent,2024-01-04T12:47:23Z
usr4289,PushEvent,2024-01-03T17:25:18Z
usr4289,PullRequestEvent,2024-01-03T17:25:17Z
usr4289,PushEvent,2023-12-30T17:38:34Z
usr4289,PushEvent,2023-12-30T17:19:04Z
usr4289,PushEvent,2023-12-30T16:04:00Z
usr4289,PushEvent,2023-12-28T22:55:48Z
usr4289,IssuesEvent,2023-12-22T21:43:26Z
usr4289,IssuesEvent,2023-12-22T21:42:01Z
usr4289,PushEvent,2023-12-22T19:15:13Z
usr4289,PushEvent,2023-12-19T16:00:38Z
usr4289,IssuesEvent,2023-12-18T16:04:40Z
usr4289,IssuesEvent,2023-12-18T15:40:37Z
usr4289,PushEvent,2023-12-18T14:52:11Z
usr4289,ForkEvent,2023-12-13T19:06:43Z
usr4289,PushEvent,2023-12-13T19:06:12Z
usr4289,PushEvent,2023-12-13T11:13:42Z
usr4289,PushEvent,2023-12-11T01:52:42Z
usr4289,PushEvent,2023-12-04T11:59:11Z
usr4289,PublicEvent,2023-11-30T15:15:38Z
usr4289,PushEvent,2023-11-30T14:57:59Z
usr4289,PushEvent,2023-11-30T13:44:02Z
usr4289,PushEvent,2023-11-19T03:47:15Z
usr4289,IssuesEvent,2023-11-15T14:40:43Z
usr4289,IssuesEvent,2023-11-15T14:40:36Z
usr4289,PushEvent,2023-11-13T13:34:55Z
usr4289,PushEvent,2023-11-10T18:42:24Z
usr4289,PushEvent,2023-11-10T18:13:41Z
usr4289,PushEvent,2023-11-10T17:45:05Z
usr4289,PushEvent,2023-11-10T17:36:56Z
usr4289,PushEvent,2023-11-10T17:33:36Z
usr4289,PushEvent,2023-11-10T14:49:22Z
usr4289,PushEvent,2023-11-10T14:07:38Z
usr4289,IssuesEvent,2023-11-08T21:59:23Z
usr4289,IssueCommentEvent,2023-11-08T21:59:19Z
usr4289,IssueCommentEvent,2023-11-08T21:53:35Z
usr4289,IssuesEvent,2023-11-08T21:09:06Z
usr4289,PushEvent,2023-11-08T18:31:22Z
usr4289,PushEvent,2023-11-08T15:18:50Z
usr4289,IssuesEvent,2023-11-07T12:03:31Z
usr4289,IssuesEvent,2023-11-06T15:42:39Z
usr4289,IssuesEvent,2023-11-06T15:42:31Z
usr4289,IssuesEvent,2023-11-06T15:41:06Z
usr4289,IssuesEvent,2023-11-06T15:41:05Z
usr4289,IssuesEvent,2023-11-06T15:41:05Z
usr4289,PushEvent,2023-11-06T15:41:03Z
usr4289,IssuesEvent,2023-11-06T14:53:48Z
usr4289,IssuesEvent,2023-11-05T12:55:56Z
usr4289,IssuesEvent,2023-11-05T12:54:13Z
usr4289,IssueCommentEvent,2023-11-05T12:52:51Z
usr4289,IssuesEvent,2023-11-05T12:36:18Z
usr4289,PushEvent,2023-11-03T21:50:58Z
usr4289,PushEvent,2023-11-03T12:33:48Z
usr4289,IssuesEvent,2023-11-02T14:45:03Z
usr4289,IssuesEvent,2023-11-02T12:15:08Z
usr4289,IssuesEvent,2023-10-25T13:53:49Z
usr4290,WatchEvent,2023-12-20T12:17:18Z
usr4290,PushEvent,2023-12-17T23:11:15Z
usr4290,PushEvent,2023-12-17T22:29:36Z
usr4290,PushEvent,2023-12-17T22:06:57Z
usr4290,PushEvent,2023-12-17T21:50:41Z
usr4290,CreateEvent,2023-12-17T21:49:27Z
usr4290,CreateEvent,2023-12-17T21:49:03Z
usr4290,PushEvent,2023-11-27T09:35:38Z
usr4290,PushEvent,2023-11-27T09:16:58Z
usr4290,PushEvent,2023-11-27T08:34:19Z
usr4290,CreateEvent,2023-11-27T08:29:04Z
usr4290,CreateEvent,2023-11-27T08:28:27Z
usr4290,PushEvent,2023-10-29T00:38:06Z
usr4290,PushEvent,2023-10-26T11:15:52Z
usr4290,PushEvent,2023-10-26T10:06:12Z
usr4290,PushEvent,2023-10-26T09:57:30Z
usr4290,PushEvent,2023-10-26T09:35:54Z
usr4290,PushEvent,2023-10-26T09:16:22Z
usr4290,PushEvent,2023-10-26T08:46:53Z
usr4290,PushEvent,2023-10-26T08:24:08Z
usr4290,PushEvent,2023-10-26T08:17:22Z
usr4290,PushEvent,2023-10-26T08:03:42Z
usr4290,PushEvent,2023-10-25T23:27:52Z
usr4290,PushEvent,2023-10-25T23:13:48Z
usr4290,PushEvent,2023-10-25T23:09:46Z
usr4290,CreateEvent,2023-10-25T22:56:14Z
usr4290,CreateEvent,2023-10-24T02:00:13Z
usr4293,PushEvent,2023-11-08T16:33:46Z
usr4293,PushEvent,2023-10-27T07:53:17Z
usr4293,CreateEvent,2023-10-21T10:14:44Z
usr4293,CreateEvent,2023-10-21T10:13:24Z
usr4293,CreateEvent,2023-10-19T06:05:44Z
usr4293,ForkEvent,2023-10-19T05:43:10Z
usr4293,PushEvent,2023-10-18T14:04:11Z
usr4293,PushEvent,2023-10-18T08:30:37Z
usr4293,PushEvent,2023-10-18T08:26:57Z
usr4293,PushEvent,2023-10-18T08:24:29Z
usr4293,CreateEvent,2023-10-18T08:22:45Z
usr4293,CreateEvent,2023-10-18T08:21:59Z
usr4294,WatchEvent,2023-12-30T16:20:07Z
usr4294,WatchEvent,2023-12-28T15:49:14Z
usr4294,PushEvent,2023-12-26T18:20:54Z
usr4294,DeleteEvent,2023-12-26T18:12:19Z
usr4294,PushEvent,2023-12-26T18:12:16Z
usr4294,PullRequestEvent,2023-12-26T18:12:15Z
usr4294,PullRequestEvent,2023-12-26T18:10:51Z
usr4294,PushEvent,2023-12-26T18:10:26Z
usr4294,PushEvent,2023-12-26T18:06:33Z
usr4294,PushEvent,2023-12-25T04:59:12Z
usr4294,PushEvent,2023-12-25T04:58:50Z
usr4294,WatchEvent,2023-12-17T00:37:51Z
usr4294,WatchEvent,2023-12-15T15:37:22Z
usr4294,PushEvent,2023-12-09T17:25:35Z
usr4294,CreateEvent,2023-12-09T00:57:15Z
usr4294,CreateEvent,2023-12-09T00:57:12Z
usr4294,WatchEvent,2023-12-05T22:53:46Z
usr4294,WatchEvent,2023-12-01T02:12:42Z
usr4294,WatchEvent,2023-11-17T13:52:08Z
usr4294,WatchEvent,2023-11-13T13:35:35Z
usr4294,WatchEvent,2023-11-03T01:12:22Z
usr4294,PushEvent,2023-10-30T02:07:15Z
usr4294,PushEvent,2023-10-30T02:06:11Z
usr4294,CreateEvent,2023-10-30T01:49:16Z
usr4294,ReleaseEvent,2023-10-30T01:49:16Z
usr4294,PushEvent,2023-10-30T01:47:29Z
usr4294,PullRequestEvent,2023-10-30T01:47:28Z
usr4294,PushEvent,2023-10-30T01:46:42Z
usr4294,IssuesEvent,2023-10-30T01:40:41Z
usr4294,IssueCommentEvent,2023-10-30T01:40:40Z
usr4294,PushEvent,2023-10-30T01:40:34Z
usr4294,IssuesEvent,2023-10-30T01:32:38Z
usr4294,IssueCommentEvent,2023-10-30T01:32:38Z
usr4294,PushEvent,2023-10-30T01:32:28Z
usr4294,IssuesEvent,2023-10-30T01:29:01Z
usr4294,IssueCommentEvent,2023-10-30T01:29:01Z
usr4294,PullRequestEvent,2023-10-30T01:28:21Z
usr4294,PushEvent,2023-10-30T01:26:25Z
usr4294,WatchEvent,2023-10-25T13:15:34Z
usr4294,WatchEvent,2023-10-24T23:11:23Z
usr4294,WatchEvent,2023-10-20T13:03:14Z
usr4296,PushEvent,2024-01-14T20:46:18Z
usr4296,PushEvent,2024-01-14T20:44:51Z
usr4296,PushEvent,2024-01-14T20:41:51Z
usr4296,PushEvent,2024-01-14T20:40:31Z
usr4296,PushEvent,2024-01-14T20:36:56Z
usr4296,PushEvent,2024-01-14T20:36:08Z
usr4296,PushEvent,2024-01-14T20:34:29Z
usr4296,PushEvent,2024-01-14T20:22:30Z
usr4296,PushEvent,2024-01-12T17:14:48Z
usr4296,PushEvent,2024-01-09T17:26:05Z
usr4296,PushEvent,2024-01-05T20:24:37Z
usr4296,PullRequestEvent,2024-01-05T15:28:11Z
usr4296,CreateEvent,2024-01-05T15:27:34Z
usr4296,IssueCommentEvent,2024-01-04T06:50:12Z
usr4296,DeleteEvent,2024-01-04T06:34:36Z
usr4296,PushEvent,2024-01-04T06:34:35Z
usr4296,IssuesEvent,2024-01-04T06:34:35Z
usr4296,PullRequestEvent,2024-01-04T06:34:34Z
usr4296,PushEvent,2024-01-04T06:33:56Z
usr4296,PushEvent,2024-01-04T06:27:58Z
usr4296,PushEvent,2024-01-04T06:26:01Z
usr4296,PushEvent,2024-01-04T06:19:03Z
usr4296,PushEvent,2024-01-04T06:15:25Z
usr4296,PushEvent,2024-01-04T06:13:30Z
usr4296,PushEvent,2024-01-04T06:13:12Z
usr4296,PullRequestEvent,2024-01-04T06:08:43Z
usr4296,IssueCommentEvent,2024-01-04T06:08:25Z
usr4296,IssuesEvent,2024-01-04T06:08:12Z
usr4296,CreateEvent,2024-01-04T06:07:57Z
usr4296,PushEvent,2024-01-04T06:07:46Z
usr4296,PushEvent,2024-01-03T00:47:12Z
usr4296,PushEvent,2024-01-02T23:39:49Z
usr4296,PushEvent,2024-01-02T23:39:06Z
usr4296,PushEvent,2024-01-02T23:38:35Z
usr4296,IssueCommentEvent,2024-01-01T01:37:10Z
usr4296,IssuesEvent,2024-01-01T01:37:09Z
usr4296,IssueCommentEvent,2024-01-01T01:36:23Z
usr4296,IssuesEvent,2024-01-01T01:36:22Z
usr4296,IssueCommentEvent,2024-01-01T01:35:28Z
usr4296,IssuesEvent,2024-01-01T01:35:28Z
usr4296,PullRequestEvent,2024-01-01T01:34:30Z
usr4296,PushEvent,2024-01-01T01:34:15Z
usr4296,PushEvent,2024-01-01T01:07:15Z
usr4296,PushEvent,2023-12-30T23:13:57Z
usr4296,PushEvent,2023-12-29T16:39:09Z
usr4296,PushEvent,2023-12-29T16:38:19Z
usr4296,PushEvent,2023-12-29T16:36:49Z
usr4296,PushEvent,2023-12-29T16:30:55Z
usr4296,PushEvent,2023-12-29T16:27:22Z
usr4296,PushEvent,2023-12-29T16:19:15Z
usr4296,PushEvent,2023-12-28T00:30:08Z
usr4296,PushEvent,2023-12-27T16:13:06Z
usr4296,PushEvent,2023-12-27T16:09:29Z
usr4296,PushEvent,2023-12-27T01:20:20Z
usr4296,PushEvent,2023-12-26T15:55:48Z
usr4296,PushEvent,2023-12-26T15:52:07Z
usr4296,PushEvent,2023-12-25T22:32:25Z
usr4296,PushEvent,2023-12-25T19:24:11Z
usr4296,PushEvent,2023-12-25T19:23:11Z
usr4296,PushEvent,2023-12-25T19:19:52Z
usr4296,PushEvent,2023-12-25T19:19:13Z
usr4296,PushEvent,2023-12-25T19:17:48Z
usr4296,PushEvent,2023-12-25T19:12:41Z
usr4296,PushEvent,2023-12-25T19:08:59Z
usr4296,PushEvent,2023-12-25T19:06:40Z
usr4296,PushEvent,2023-12-25T19:05:32Z
usr4296,PushEvent,2023-12-25T19:05:05Z
usr4296,PushEvent,2023-12-25T19:04:03Z
usr4296,PushEvent,2023-12-25T19:03:37Z
usr4296,PushEvent,2023-12-25T19:02:38Z
usr4296,PushEvent,2023-12-25T17:37:58Z
usr4296,PushEvent,2023-12-25T17:32:15Z
usr4296,PushEvent,2023-12-25T17:23:45Z
usr4296,PushEvent,2023-12-24T16:58:34Z
usr4296,PushEvent,2023-12-24T16:57:32Z
usr4296,PushEvent,2023-12-24T16:56:23Z
usr4296,PushEvent,2023-12-24T15:39:53Z
usr4296,PushEvent,2023-12-24T15:08:32Z
usr4296,PushEvent,2023-12-24T00:53:54Z
usr4296,PushEvent,2023-12-23T16:12:41Z
usr4296,PushEvent,2023-12-23T16:08:34Z
usr4296,PushEvent,2023-12-23T16:05:56Z
usr4296,PushEvent,2023-12-23T15:53:22Z
usr4296,PushEvent,2023-12-23T15:52:52Z
usr4296,PushEvent,2023-12-23T15:35:04Z
usr4296,PushEvent,2023-12-23T15:34:31Z
usr4296,PushEvent,2023-12-23T15:33:52Z
usr4296,PushEvent,2023-12-23T15:26:39Z
usr4296,PushEvent,2023-12-22T18:46:48Z
usr4296,PushEvent,2023-12-22T01:56:14Z
usr4296,PushEvent,2023-12-21T21:04:26Z
usr4296,PushEvent,2023-12-21T19:02:06Z
usr4296,PullRequestReviewEvent,2023-12-20T18:32:36Z
usr4296,PushEvent,2023-12-17T14:42:33Z
usr4296,PushEvent,2023-12-17T14:41:51Z
usr4296,PushEvent,2023-12-16T18:49:58Z
usr4296,PushEvent,2023-12-16T18:03:05Z
usr4296,PushEvent,2023-12-16T17:59:33Z
usr4296,PushEvent,2023-12-16T17:58:17Z
usr4296,PushEvent,2023-12-16T17:57:44Z
usr4296,PushEvent,2023-12-16T17:56:36Z
usr4296,PushEvent,2023-12-16T17:50:59Z
usr4296,PushEvent,2023-12-16T17:00:46Z
usr4296,PushEvent,2023-12-16T16:59:27Z
usr4296,PushEvent,2023-12-15T15:34:15Z
usr4296,PushEvent,2023-12-14T23:13:15Z
usr4296,PushEvent,2023-12-14T23:10:33Z
usr4296,PushEvent,2023-12-14T22:57:54Z
usr4296,PushEvent,2023-12-14T22:54:59Z
usr4296,PushEvent,2023-12-14T22:51:56Z
usr4296,PushEvent,2023-12-14T22:49:28Z
usr4296,PushEvent,2023-12-14T22:47:10Z
usr4296,PushEvent,2023-12-14T22:37:45Z
usr4296,PushEvent,2023-12-14T22:34:36Z
usr4296,PushEvent,2023-12-14T22:33:35Z
usr4296,PushEvent,2023-12-14T22:31:39Z
usr4296,PushEvent,2023-12-14T22:16:30Z
usr4296,PushEvent,2023-12-14T20:47:34Z
usr4296,PushEvent,2023-12-14T13:02:00Z
usr4296,PushEvent,2023-12-14T13:00:10Z
usr4296,PushEvent,2023-12-14T12:57:43Z
usr4296,PushEvent,2023-12-14T02:48:41Z
usr4296,PushEvent,2023-12-14T02:44:38Z
usr4296,PushEvent,2023-12-14T02:42:25Z
usr4296,PushEvent,2023-12-14T02:35:26Z
usr4296,PushEvent,2023-12-14T02:25:06Z
usr4296,PushEvent,2023-12-14T02:22:20Z
usr4296,PushEvent,2023-12-14T02:13:39Z
usr4296,PushEvent,2023-12-14T02:06:27Z
usr4296,PushEvent,2023-12-14T02:04:51Z
usr4296,PushEvent,2023-12-14T01:50:53Z
usr4296,PushEvent,2023-12-14T01:50:13Z
usr4296,PushEvent,2023-12-13T23:25:50Z
usr4296,PushEvent,2023-12-13T23:13:30Z
usr4296,PushEvent,2023-12-13T23:11:32Z
usr4296,PushEvent,2023-12-13T23:10:48Z
usr4296,PushEvent,2023-12-13T23:10:27Z
usr4296,PushEvent,2023-12-13T21:48:06Z
usr4296,PushEvent,2023-12-13T21:44:17Z
usr4296,PushEvent,2023-12-11T15:19:07Z
usr4296,PushEvent,2023-12-11T15:10:08Z
usr4296,PushEvent,2023-12-11T15:09:33Z
usr4296,PushEvent,2023-12-11T14:57:38Z
usr4296,PushEvent,2023-12-11T14:52:59Z
usr4296,PushEvent,2023-12-11T14:26:48Z
usr4296,PushEvent,2023-12-11T14:25:19Z
usr4296,PushEvent,2023-12-11T14:19:18Z
usr4296,PushEvent,2023-12-11T14:11:57Z
usr4296,PushEvent,2023-12-10T23:27:48Z
usr4296,PushEvent,2023-12-10T23:17:19Z
usr4296,PushEvent,2023-12-10T23:15:34Z
usr4296,PushEvent,2023-12-10T23:12:20Z
usr4296,PushEvent,2023-12-10T23:08:45Z
usr4296,PushEvent,2023-12-10T23:07:30Z
usr4296,PushEvent,2023-12-10T17:36:37Z
usr4296,PushEvent,2023-12-10T17:30:40Z
usr4296,PushEvent,2023-12-10T17:22:53Z
usr4296,PullRequestEvent,2023-12-10T17:20:55Z
usr4296,PushEvent,2023-12-10T17:19:48Z
usr4296,PushEvent,2023-12-10T17:18:31Z
usr4296,PullRequestEvent,2023-12-10T17:18:05Z
usr4296,PushEvent,2023-12-10T17:18:04Z
usr4296,PushEvent,2023-12-10T17:17:54Z
usr4296,PushEvent,2023-12-10T17:14:45Z
usr4296,DeleteEvent,2023-12-10T17:12:49Z
usr4296,PushEvent,2023-12-10T17:12:48Z
usr4296,PullRequestEvent,2023-12-10T17:12:47Z
usr4296,PushEvent,2023-12-10T17:12:10Z
usr4296,PushEvent,2023-12-10T17:05:33Z
usr4296,PushEvent,2023-12-10T16:49:04Z
usr4296,PushEvent,2023-12-10T00:04:14Z
usr4296,PushEvent,2023-12-09T23:01:45Z
usr4296,PushEvent,2023-12-09T22:55:18Z
usr4296,PushEvent,2023-12-09T20:31:54Z
usr4296,PushEvent,2023-12-09T20:25:36Z
usr4296,PushEvent,2023-12-09T20:20:03Z
usr4296,PushEvent,2023-12-09T20:11:38Z
usr4296,PushEvent,2023-12-09T17:09:05Z
usr4296,PushEvent,2023-12-09T17:08:01Z
usr4296,PushEvent,2023-12-09T17:04:15Z
usr4296,PushEvent,2023-12-09T17:02:40Z
usr4296,PushEvent,2023-12-09T16:53:03Z
usr4296,PushEvent,2023-12-09T16:52:04Z
usr4296,PushEvent,2023-12-09T16:49:44Z
usr4296,PushEvent,2023-12-09T16:49:09Z
usr4296,PushEvent,2023-12-09T16:46:14Z
usr4296,PushEvent,2023-12-09T16:37:09Z
usr4296,PushEvent,2023-12-09T16:30:25Z
usr4296,PushEvent,2023-12-09T16:28:00Z
usr4296,PushEvent,2023-12-09T16:18:32Z
usr4296,PushEvent,2023-12-09T15:21:25Z
usr4296,PushEvent,2023-12-08T19:59:19Z
usr4296,PushEvent,2023-12-07T21:05:48Z
usr4296,PushEvent,2023-12-07T21:03:01Z
usr4296,PushEvent,2023-12-06T14:35:35Z
usr4296,PushEvent,2023-12-06T13:18:19Z
usr4296,PushEvent,2023-12-06T05:12:10Z
usr4296,PushEvent,2023-12-06T05:09:18Z
usr4296,PushEvent,2023-12-06T05:06:14Z
usr4296,PushEvent,2023-12-06T05:04:01Z
usr4296,PushEvent,2023-12-06T05:00:42Z
usr4296,PushEvent,2023-12-06T05:00:28Z
usr4296,PushEvent,2023-12-06T04:57:43Z
usr4296,PushEvent,2023-12-06T04:50:43Z
usr4296,PushEvent,2023-12-06T04:48:52Z
usr4296,PushEvent,2023-12-06T04:41:28Z
usr4296,PushEvent,2023-12-06T04:34:34Z
usr4296,PushEvent,2023-12-06T04:33:52Z
usr4296,PushEvent,2023-12-06T04:29:47Z
usr4296,PushEvent,2023-12-05T18:50:04Z
usr4296,PushEvent,2023-12-05T16:23:06Z
usr4296,PushEvent,2023-12-05T00:10:09Z
usr4296,PushEvent,2023-12-05T00:06:06Z
usr4296,PushEvent,2023-12-04T20:02:18Z
usr4296,PullRequestEvent,2023-12-04T19:37:53Z
usr4296,CreateEvent,2023-12-04T19:36:43Z
usr4296,PushEvent,2023-12-04T15:51:36Z
usr4296,PushEvent,2023-12-04T15:47:01Z
usr4296,PushEvent,2023-12-04T15:04:33Z
usr4296,PushEvent,2023-12-04T14:58:39Z
usr4296,PushEvent,2023-12-04T14:51:52Z
usr4296,PushEvent,2023-12-04T14:49:18Z
usr4296,PushEvent,2023-12-04T14:44:48Z
usr4296,PushEvent,2023-12-04T14:38:57Z
usr4296,PushEvent,2023-12-04T14:33:42Z
usr4296,PushEvent,2023-12-04T14:27:20Z
usr4296,PushEvent,2023-12-04T00:34:56Z
usr4296,PushEvent,2023-12-04T00:30:49Z
usr4296,PushEvent,2023-12-04T00:28:48Z
usr4296,PushEvent,2023-12-04T00:26:03Z
usr4296,PushEvent,2023-12-04T00:23:25Z
usr4296,PushEvent,2023-12-04T00:20:43Z
usr4296,PushEvent,2023-12-04T00:16:28Z
usr4296,PushEvent,2023-12-04T00:13:32Z
usr4296,PushEvent,2023-12-04T00:08:38Z
usr4296,PushEvent,2023-12-03T21:41:24Z
usr4296,PushEvent,2023-12-03T21:29:05Z
usr4296,PushEvent,2023-12-03T21:18:47Z
usr4296,PushEvent,2023-12-03T21:01:36Z
usr4296,PushEvent,2023-12-03T20:58:55Z
usr4296,PushEvent,2023-12-03T20:52:14Z
usr4296,PushEvent,2023-12-03T20:47:44Z
usr4296,PushEvent,2023-12-03T19:34:37Z
usr4296,IssueCommentEvent,2023-12-03T19:27:45Z
usr4296,PullRequestEvent,2023-12-03T19:25:32Z
usr4296,CreateEvent,2023-12-03T19:24:41Z
usr4296,PushEvent,2023-12-03T19:24:28Z
usr4296,PushEvent,2023-12-02T19:45:49Z
usr4296,PushEvent,2023-12-02T19:10:26Z
usr4296,PushEvent,2023-12-02T05:09:03Z
usr4296,PushEvent,2023-12-02T04:53:34Z
usr4296,PushEvent,2023-12-02T04:48:56Z
usr4296,PullRequestReviewCommentEvent,2023-12-01T18:34:28Z
usr4296,PullRequestReviewEvent,2023-12-01T18:34:29Z
usr4296,PullRequestReviewCommentEvent,2023-12-01T18:34:01Z
usr4296,PullRequestReviewEvent,2023-12-01T18:34:02Z
usr4296,PullRequestReviewEvent,2023-11-30T18:02:56Z
usr4296,PushEvent,2023-11-30T17:52:12Z
usr4296,PushEvent,2023-11-30T15:04:46Z
usr4296,PushEvent,2023-11-30T15:01:19Z
usr4296,PushEvent,2023-11-30T14:43:44Z
usr4296,PushEvent,2023-11-30T01:55:06Z
usr4296,PushEvent,2023-11-30T00:15:00Z
usr4296,PushEvent,2023-11-29T23:31:59Z
usr4296,PushEvent,2023-11-29T23:28:22Z
usr4296,PushEvent,2023-11-29T05:25:57Z
usr4296,PushEvent,2023-11-29T05:22:09Z
usr4296,PushEvent,2023-11-29T05:13:31Z
usr4296,PushEvent,2023-11-29T05:11:37Z
usr4296,PushEvent,2023-11-29T05:10:50Z
usr4296,PullRequestReviewEvent,2023-11-28T18:11:02Z
usr4296,PullRequestReviewCommentEvent,2023-11-28T18:11:01Z
usr4296,PullRequestReviewCommentEvent,2023-11-28T18:09:02Z
usr4296,PullRequestReviewEvent,2023-11-28T18:09:03Z
usr4296,PushEvent,2023-11-27T20:59:52Z
usr4296,PullRequestReviewEvent,2023-11-27T20:21:05Z
usr4296,PullRequestReviewCommentEvent,2023-11-27T20:11:33Z
usr4296,PullRequestReviewEvent,2023-11-27T20:20:47Z
usr4296,DeleteEvent,2023-11-27T20:19:28Z
usr4296,PullRequestEvent,2023-11-27T20:19:21Z
usr4296,PushEvent,2023-11-27T20:19:23Z
usr4296,PushEvent,2023-11-27T20:15:57Z
usr4296,PullRequestReviewCommentEvent,2023-11-27T19:00:37Z
usr4296,PullRequestReviewEvent,2023-11-27T19:00:38Z
usr4296,PullRequestReviewCommentEvent,2023-11-27T18:55:30Z
usr4296,PullRequestReviewEvent,2023-11-27T18:55:31Z
usr4296,IssuesEvent,2023-11-23T20:30:20Z
usr4296,IssueCommentEvent,2023-11-23T20:30:21Z
usr4296,IssuesEvent,2023-11-23T20:29:55Z
usr4296,PushEvent,2023-11-23T20:27:10Z
usr4296,PushEvent,2023-11-23T20:05:53Z
usr4296,IssueCommentEvent,2023-11-22T21:36:13Z
usr4296,IssuesEvent,2023-11-22T21:35:57Z
usr4297,PublicEvent,2023-11-27T06:10:06Z
usr4298,PushEvent,2024-01-15T16:26:52Z
usr4298,PushEvent,2024-01-14T19:03:44Z
usr4298,PushEvent,2024-01-14T15:00:34Z
usr4298,PushEvent,2024-01-10T10:58:42Z
usr4298,PushEvent,2024-01-08T20:06:11Z
usr4298,CreateEvent,2024-01-08T20:04:54Z
usr4298,CreateEvent,2024-01-08T20:02:02Z
usr4298,PushEvent,2023-12-20T15:22:18Z
usr4298,PushEvent,2023-12-19T20:54:38Z
usr4298,PushEvent,2023-12-17T09:51:41Z
usr4298,PushEvent,2023-12-17T09:06:21Z
usr4298,PushEvent,2023-12-16T20:58:22Z
usr4298,PushEvent,2023-12-16T17:04:09Z
usr4298,PushEvent,2023-12-16T16:25:07Z
usr4298,PushEvent,2023-12-16T10:36:29Z
usr4298,PushEvent,2023-12-16T09:51:31Z
usr4298,PushEvent,2023-12-15T15:25:50Z
usr4298,PushEvent,2023-12-15T14:20:34Z
usr4298,PushEvent,2023-12-15T11:10:44Z
usr4298,PushEvent,2023-12-15T11:02:51Z
usr4298,PushEvent,2023-12-15T10:58:37Z
usr4298,PushEvent,2023-12-15T10:48:32Z
usr4298,PushEvent,2023-12-15T10:36:42Z
usr4298,PushEvent,2023-12-15T10:24:07Z
usr4298,PushEvent,2023-12-15T10:01:38Z
usr4298,PushEvent,2023-12-15T09:52:20Z
usr4298,PushEvent,2023-12-14T20:32:14Z
usr4298,PushEvent,2023-12-13T22:03:56Z
usr4298,PushEvent,2023-12-13T19:26:48Z
usr4298,PushEvent,2023-12-13T19:00:33Z
usr4298,PushEvent,2023-12-13T18:53:14Z
usr4298,PushEvent,2023-12-13T18:46:26Z
usr4298,PushEvent,2023-12-13T18:32:33Z
usr4298,PushEvent,2023-12-13T16:02:11Z
usr4298,PushEvent,2023-12-13T15:52:04Z
usr4298,PushEvent,2023-12-13T15:41:06Z
usr4298,PushEvent,2023-12-11T15:59:34Z
usr4298,PushEvent,2023-12-11T15:50:32Z
usr4298,CreateEvent,2023-12-11T11:01:30Z
usr4298,PullRequestEvent,2023-12-11T10:53:46Z
usr4298,PullRequestEvent,2023-12-11T10:52:37Z
usr4298,CreateEvent,2023-12-11T10:45:29Z
usr4298,PushEvent,2023-12-11T10:42:15Z
usr4298,PushEvent,2023-12-08T21:07:41Z
usr4298,ForkEvent,2023-12-07T19:35:20Z
usr4298,ForkEvent,2023-12-07T15:09:39Z
usr4298,ForkEvent,2023-12-07T15:08:11Z
usr4298,PushEvent,2023-12-05T18:54:16Z
usr4298,PushEvent,2023-12-05T18:49:53Z
usr4298,PushEvent,2023-12-05T17:07:20Z
usr4298,PushEvent,2023-12-05T09:56:18Z
usr4298,PushEvent,2023-12-05T09:31:32Z
usr4298,PushEvent,2023-12-04T23:21:12Z
usr4298,CreateEvent,2023-12-04T20:41:45Z
usr4298,CreateEvent,2023-12-04T20:38:57Z
usr4298,PushEvent,2023-11-30T13:54:56Z
usr4298,CreateEvent,2023-11-30T10:36:04Z
usr4298,PushEvent,2023-11-30T10:27:30Z
usr4298,PushEvent,2023-11-30T10:23:54Z
usr4298,PushEvent,2023-11-30T10:10:56Z
usr4298,PushEvent,2023-11-30T09:53:26Z
usr4298,PushEvent,2023-11-30T09:48:22Z
usr4298,PushEvent,2023-11-29T16:30:54Z
usr4298,PushEvent,2023-11-29T16:08:14Z
usr4298,PushEvent,2023-11-29T14:04:57Z
usr4298,PushEvent,2023-11-28T09:57:01Z
usr4298,PushEvent,2023-11-27T20:27:20Z
usr4298,PushEvent,2023-11-26T09:23:38Z
usr4298,PushEvent,2023-11-25T11:55:20Z
usr4298,PushEvent,2023-11-24T17:19:56Z
usr4298,PushEvent,2023-11-24T16:38:19Z
usr4298,PushEvent,2023-11-24T16:20:58Z
usr4298,PushEvent,2023-11-24T15:35:48Z
usr4298,PushEvent,2023-11-24T15:29:59Z
usr4298,PushEvent,2023-11-23T17:15:54Z
usr4298,PushEvent,2023-11-23T16:41:18Z
usr4298,PushEvent,2023-11-23T15:55:37Z
usr4298,PushEvent,2023-11-22T17:04:14Z
usr4298,PushEvent,2023-11-22T16:47:50Z
usr4298,PushEvent,2023-11-22T16:40:15Z
usr4298,PushEvent,2023-11-22T16:33:48Z
usr4298,PushEvent,2023-11-22T16:26:24Z
usr4298,PushEvent,2023-11-22T16:10:36Z
usr4298,PushEvent,2023-11-22T07:50:04Z
usr4298,PushEvent,2023-11-21T20:43:13Z
usr4298,PushEvent,2023-11-21T19:32:35Z
usr4298,PushEvent,2023-11-21T16:27:23Z
usr4298,PushEvent,2023-11-21T16:10:58Z
usr4298,WatchEvent,2023-11-20T21:23:26Z
usr4298,PushEvent,2023-11-20T21:20:29Z
usr4298,PushEvent,2023-11-20T21:09:26Z
usr4298,PushEvent,2023-11-20T19:28:25Z
usr4298,WatchEvent,2023-11-20T19:03:04Z
usr4298,PushEvent,2023-11-20T18:11:56Z
usr4298,PushEvent,2023-11-20T16:30:10Z
usr4298,PushEvent,2023-11-20T16:14:48Z
usr4298,PushEvent,2023-11-20T11:37:24Z
usr4298,PushEvent,2023-11-19T17:10:18Z
usr4298,PushEvent,2023-11-19T16:37:37Z
usr4298,PushEvent,2023-11-19T14:19:56Z
usr4298,PushEvent,2023-11-18T20:35:06Z
usr4298,PushEvent,2023-11-16T15:57:05Z
usr4298,PushEvent,2023-11-15T22:48:18Z
usr4298,PushEvent,2023-11-15T22:37:32Z
usr4298,PushEvent,2023-11-15T20:36:04Z
usr4298,CreateEvent,2023-11-15T20:30:18Z
usr4298,CreateEvent,2023-11-15T20:30:14Z
usr4298,PushEvent,2023-11-15T20:24:02Z
usr4298,CreateEvent,2023-11-15T16:14:05Z
usr4298,CreateEvent,2023-11-15T16:07:12Z
usr4298,PushEvent,2023-11-15T15:37:01Z
usr4298,CreateEvent,2023-11-15T15:06:11Z
usr4298,CreateEvent,2023-11-15T15:06:09Z
usr4298,WatchEvent,2023-11-15T13:46:46Z
usr4298,WatchEvent,2023-11-15T13:46:38Z
usr4298,WatchEvent,2023-11-15T13:46:24Z
usr4298,WatchEvent,2023-11-15T13:46:09Z
usr4298,WatchEvent,2023-11-15T13:44:51Z
usr4298,PushEvent,2023-11-08T08:27:18Z
usr4298,PushEvent,2023-11-08T08:06:57Z
usr4298,PushEvent,2023-11-08T07:27:55Z
usr4298,PushEvent,2023-11-08T06:57:54Z
usr4298,PushEvent,2023-11-07T21:39:06Z
usr4298,PullRequestEvent,2023-11-07T21:12:59Z
usr4298,CreateEvent,2023-11-07T21:12:44Z
usr4298,PushEvent,2023-11-07T20:29:35Z
usr4298,PushEvent,2023-11-07T20:28:08Z
usr4298,PushEvent,2023-11-07T20:21:21Z
usr4298,PushEvent,2023-11-07T20:20:00Z
usr4298,PushEvent,2023-11-07T20:17:36Z
usr4298,PushEvent,2023-11-07T20:13:29Z
usr4298,PushEvent,2023-11-07T17:42:20Z
usr4298,PushEvent,2023-11-07T17:18:45Z
usr4298,PushEvent,2023-11-07T17:03:23Z
usr4298,PullRequestEvent,2023-11-07T16:50:49Z
usr4298,CreateEvent,2023-11-07T16:50:38Z
usr4298,PushEvent,2023-11-06T10:29:59Z
usr4298,PushEvent,2023-11-06T10:20:30Z
usr4298,PullRequestReviewEvent,2023-11-06T09:22:16Z
usr4298,PullRequestEvent,2023-11-05T21:32:02Z
usr4298,CreateEvent,2023-11-05T21:31:45Z
usr4298,PushEvent,2023-11-05T17:31:34Z
usr4298,PushEvent,2023-11-05T17:24:37Z
usr4298,PushEvent,2023-11-05T15:47:42Z
usr4298,PullRequestEvent,2023-11-05T15:26:51Z
usr4298,CreateEvent,2023-11-05T15:23:08Z
usr4298,PushEvent,2023-11-04T13:37:58Z
usr4298,PushEvent,2023-11-04T11:49:16Z
usr4298,PushEvent,2023-11-04T09:32:43Z
usr4298,PushEvent,2023-11-04T08:39:28Z
usr4298,PushEvent,2023-11-04T08:05:19Z
usr4298,PullRequestEvent,2023-11-03T20:38:18Z
usr4298,CreateEvent,2023-11-03T20:37:51Z
usr4298,PullRequestReviewEvent,2023-11-02T20:28:20Z
usr4298,PullRequestEvent,2023-11-02T12:31:10Z
usr4298,CreateEvent,2023-11-02T12:30:59Z
usr4298,PushEvent,2023-11-02T09:58:31Z
usr4298,PushEvent,2023-11-02T09:56:08Z
usr4298,PushEvent,2023-11-02T09:36:47Z
usr4298,IssueCommentEvent,2023-11-01T15:13:27Z
usr4298,PushEvent,2023-10-31T20:43:56Z
usr4298,PushEvent,2023-10-31T18:19:51Z
usr4298,PullRequestEvent,2023-10-31T17:42:22Z
usr4298,CreateEvent,2023-10-31T17:40:06Z
usr4298,PushEvent,2023-10-31T06:35:35Z
usr4298,PullRequestEvent,2023-10-31T06:35:35Z
usr4298,PullRequestReviewEvent,2023-10-31T05:43:34Z
usr4298,PullRequestEvent,2023-10-30T13:24:25Z
usr4298,CreateEvent,2023-10-30T13:23:17Z
usr4298,PushEvent,2023-10-29T20:21:09Z
usr4298,PullRequestEvent,2023-10-29T19:57:47Z
usr4298,CreateEvent,2023-10-29T19:57:18Z
usr4298,PullRequestEvent,2023-10-27T15:49:24Z
usr4298,CreateEvent,2023-10-27T15:49:07Z
usr4298,PullRequestEvent,2023-10-27T09:43:02Z
usr4298,PushEvent,2023-10-27T09:39:34Z
usr4298,CreateEvent,2023-10-27T07:12:06Z
usr4298,PushEvent,2023-10-26T18:34:34Z
usr4298,PullRequestEvent,2023-10-26T18:34:33Z
usr4298,CreateEvent,2023-10-23T13:03:49Z
usr4298,CreateEvent,2023-10-23T12:58:31Z
usr4298,PushEvent,2023-10-18T19:52:58Z
usr4298,PushEvent,2023-10-17T12:56:15Z
usr4298,PushEvent,2023-10-17T10:41:47Z
usr4298,ForkEvent,2023-10-16T13:51:24Z
usr4298,ForkEvent,2023-10-16T12:10:47Z
usr4305,None,None
usr4306,None,None
usr4307,None,None
usr4308,PushEvent,2024-01-15T18:19:10Z
usr4308,ForkEvent,2024-01-15T18:18:23Z
usr4308,ForkEvent,2024-01-15T17:59:57Z
usr4309,None,None
usr4310,WatchEvent,2024-01-15T23:19:15Z
usr4310,WatchEvent,2024-01-05T22:22:28Z
usr4310,IssueCommentEvent,2023-12-07T04:16:30Z
usr4310,PushEvent,2023-12-07T03:59:03Z
usr4310,CreateEvent,2023-12-06T04:26:59Z
usr4310,ReleaseEvent,2023-12-06T04:26:59Z
usr4310,PushEvent,2023-12-06T04:25:39Z
usr4310,PullRequestEvent,2023-12-06T04:25:39Z
usr4310,WatchEvent,2023-11-27T22:54:38Z
usr4310,WatchEvent,2023-11-08T04:10:20Z
usr4312,PushEvent,2023-11-21T00:00:17Z
usr4312,PushEvent,2023-11-19T23:48:47Z
usr4312,PushEvent,2023-11-19T23:42:44Z
usr4312,PushEvent,2023-11-19T23:34:59Z
usr4312,PushEvent,2023-11-19T23:27:41Z
usr4312,PushEvent,2023-11-19T23:24:45Z
usr4312,PushEvent,2023-11-19T23:21:27Z
usr4312,PushEvent,2023-11-19T23:09:51Z
usr4312,PushEvent,2023-11-19T23:05:48Z
usr4313,None,None
usr4314,None,None
usr4315,CreateEvent,2023-11-08T07:45:29Z
usr4315,CreateEvent,2023-11-08T07:42:24Z
usr4315,CreateEvent,2023-11-08T07:40:39Z
usr4315,CreateEvent,2023-11-08T06:44:13Z
usr4315,CreateEvent,2023-11-07T13:40:28Z
usr4315,CreateEvent,2023-11-07T13:30:42Z
usr4315,CreateEvent,2023-11-07T12:57:42Z
usr4315,CreateEvent,2023-10-29T22:41:20Z
usr4315,CreateEvent,2023-10-29T22:31:00Z
usr4315,CreateEvent,2023-10-26T13:40:35Z
usr4315,CreateEvent,2023-10-26T12:34:56Z
usr4316,PushEvent,2023-12-01T16:37:33Z
usr4316,PushEvent,2023-12-01T14:46:48Z
usr4316,PushEvent,2023-12-01T14:34:11Z
usr4316,PushEvent,2023-12-01T05:36:26Z
usr4316,PushEvent,2023-11-30T06:52:32Z
usr4316,PushEvent,2023-11-30T06:39:54Z
usr4316,PushEvent,2023-11-30T06:38:20Z
usr4316,PushEvent,2023-11-30T06:31:23Z
usr4316,PushEvent,2023-11-30T06:25:14Z
usr4316,PushEvent,2023-11-30T06:17:07Z
usr4316,PushEvent,2023-11-30T06:14:52Z
usr4316,PushEvent,2023-11-30T06:11:17Z
usr4316,CreateEvent,2023-11-28T16:41:41Z
usr4316,CreateEvent,2023-11-28T16:41:40Z
usr4317,None,None
usr4319,None,None
usr4320,CreateEvent,2023-10-24T15:15:26Z
usr4320,CreateEvent,2023-10-24T15:13:01Z
usr4320,PushEvent,2023-10-24T15:11:46Z
usr4320,CreateEvent,2023-10-24T15:08:17Z
usr4320,CreateEvent,2023-10-24T15:02:03Z
usr4321,None,None
usr4322,WatchEvent,2023-10-23T17:20:10Z
usr4323,PushEvent,2024-01-03T20:42:57Z
usr4323,PushEvent,2023-12-12T22:11:52Z
usr4323,PushEvent,2023-12-11T23:55:26Z
usr4323,PushEvent,2023-12-11T19:13:03Z
usr4323,PushEvent,2023-11-09T23:49:32Z
usr4323,PushEvent,2023-11-09T18:48:34Z
usr4323,CreateEvent,2023-11-08T22:48:42Z
usr4323,CreateEvent,2023-11-08T22:48:38Z
usr4324,WatchEvent,2024-01-16T22:53:32Z
usr4324,WatchEvent,2024-01-15T01:19:55Z
usr4324,WatchEvent,2024-01-15T01:18:46Z
usr4324,WatchEvent,2024-01-15T01:18:13Z
usr4324,WatchEvent,2024-01-14T13:43:17Z
usr4324,WatchEvent,2024-01-14T01:13:21Z
usr4324,WatchEvent,2024-01-13T18:05:11Z
usr4324,WatchEvent,2024-01-13T18:03:45Z
usr4324,WatchEvent,2024-01-13T16:55:54Z
usr4324,WatchEvent,2024-01-13T16:29:00Z
usr4324,WatchEvent,2024-01-13T12:13:36Z
usr4324,WatchEvent,2024-01-12T23:47:48Z
usr4324,WatchEvent,2024-01-12T23:45:14Z
usr4324,WatchEvent,2024-01-12T23:26:40Z
usr4324,WatchEvent,2024-01-12T23:11:19Z
usr4324,WatchEvent,2024-01-12T14:17:14Z
usr4324,WatchEvent,2024-01-12T12:15:54Z
usr4324,WatchEvent,2024-01-12T11:11:13Z
usr4324,WatchEvent,2024-01-12T10:59:32Z
usr4324,WatchEvent,2024-01-11T18:43:05Z
usr4324,WatchEvent,2024-01-11T11:57:29Z
usr4324,WatchEvent,2024-01-11T11:56:00Z
usr4324,WatchEvent,2024-01-10T17:33:33Z
usr4324,WatchEvent,2024-01-10T17:19:14Z
usr4324,WatchEvent,2024-01-10T11:13:52Z
usr4324,WatchEvent,2024-01-09T00:09:00Z
usr4324,WatchEvent,2024-01-08T22:09:07Z
usr4324,WatchEvent,2024-01-08T16:21:25Z
usr4324,WatchEvent,2024-01-08T16:11:02Z
usr4324,WatchEvent,2024-01-07T21:43:57Z
usr4324,WatchEvent,2024-01-07T21:43:39Z
usr4324,WatchEvent,2024-01-07T19:38:11Z
usr4324,WatchEvent,2024-01-07T18:25:43Z
usr4324,WatchEvent,2024-01-07T16:58:30Z
usr4324,WatchEvent,2024-01-07T13:34:31Z
usr4324,WatchEvent,2024-01-07T13:28:54Z
usr4324,WatchEvent,2024-01-06T14:56:10Z
usr4324,WatchEvent,2024-01-05T21:35:09Z
usr4324,WatchEvent,2024-01-05T18:54:36Z
usr4324,WatchEvent,2024-01-05T16:34:57Z
usr4324,WatchEvent,2024-01-05T14:54:45Z
usr4324,WatchEvent,2024-01-05T12:42:49Z
usr4324,WatchEvent,2024-01-05T12:29:31Z
usr4324,WatchEvent,2024-01-05T12:18:03Z
usr4324,WatchEvent,2024-01-05T12:17:18Z
usr4324,WatchEvent,2024-01-05T12:16:08Z
usr4324,WatchEvent,2024-01-05T12:15:56Z
usr4324,WatchEvent,2024-01-05T12:15:42Z
usr4324,WatchEvent,2024-01-05T11:21:34Z
usr4324,WatchEvent,2024-01-04T23:04:03Z
usr4324,WatchEvent,2024-01-04T22:56:51Z
usr4324,WatchEvent,2024-01-04T22:55:50Z
usr4324,WatchEvent,2024-01-04T22:04:31Z
usr4324,WatchEvent,2024-01-04T22:02:42Z
usr4324,WatchEvent,2024-01-04T22:02:32Z
usr4324,WatchEvent,2024-01-04T21:58:43Z
usr4324,WatchEvent,2024-01-04T21:55:54Z
usr4324,WatchEvent,2024-01-04T21:54:06Z
usr4324,WatchEvent,2024-01-04T21:25:46Z
usr4324,WatchEvent,2024-01-04T21:18:26Z
usr4324,WatchEvent,2024-01-04T21:17:50Z
usr4324,WatchEvent,2024-01-04T21:16:40Z
usr4324,WatchEvent,2024-01-04T21:14:45Z
usr4324,WatchEvent,2024-01-04T20:39:26Z
usr4324,WatchEvent,2024-01-04T20:39:11Z
usr4324,WatchEvent,2024-01-04T20:38:41Z
usr4324,WatchEvent,2024-01-04T20:38:19Z
usr4324,WatchEvent,2024-01-04T20:31:15Z
usr4324,WatchEvent,2024-01-04T20:13:07Z
usr4324,WatchEvent,2024-01-04T20:13:05Z
usr4324,WatchEvent,2024-01-04T20:12:23Z
usr4324,WatchEvent,2024-01-04T20:07:50Z
usr4324,WatchEvent,2024-01-04T19:33:50Z
usr4324,WatchEvent,2024-01-04T19:33:41Z
usr4324,WatchEvent,2024-01-04T19:33:30Z
usr4324,WatchEvent,2024-01-04T19:33:28Z
usr4324,WatchEvent,2024-01-04T19:33:24Z
usr4324,WatchEvent,2024-01-04T19:33:14Z
usr4324,WatchEvent,2024-01-04T19:32:56Z
usr4324,WatchEvent,2024-01-04T19:32:28Z
usr4324,WatchEvent,2024-01-04T19:31:40Z
usr4324,WatchEvent,2024-01-04T19:31:28Z
usr4324,WatchEvent,2024-01-04T19:31:21Z
usr4324,WatchEvent,2024-01-04T19:31:16Z
usr4324,WatchEvent,2024-01-04T19:30:53Z
usr4324,WatchEvent,2024-01-04T19:30:47Z
usr4324,WatchEvent,2024-01-04T19:30:39Z
usr4324,WatchEvent,2024-01-04T19:30:04Z
usr4324,WatchEvent,2024-01-04T19:30:01Z
usr4324,WatchEvent,2024-01-04T19:29:55Z
usr4324,WatchEvent,2024-01-04T19:29:33Z
usr4324,WatchEvent,2024-01-04T19:29:17Z
usr4324,WatchEvent,2024-01-04T19:27:48Z
usr4324,WatchEvent,2024-01-04T19:27:36Z
usr4324,WatchEvent,2024-01-04T19:27:26Z
usr4324,WatchEvent,2024-01-04T19:27:13Z
usr4324,WatchEvent,2024-01-04T19:27:08Z
usr4324,WatchEvent,2024-01-04T19:26:53Z
usr4324,WatchEvent,2024-01-04T19:26:46Z
usr4324,WatchEvent,2024-01-04T19:26:19Z
usr4324,WatchEvent,2024-01-04T19:26:01Z
usr4324,WatchEvent,2024-01-04T19:23:33Z
usr4324,WatchEvent,2024-01-04T18:39:58Z
usr4324,WatchEvent,2024-01-04T18:24:28Z
usr4324,WatchEvent,2024-01-04T14:37:21Z
usr4324,WatchEvent,2024-01-04T00:36:22Z
usr4324,WatchEvent,2024-01-03T17:58:23Z
usr4324,WatchEvent,2024-01-03T10:27:51Z
usr4324,WatchEvent,2024-01-03T10:27:50Z
usr4324,WatchEvent,2024-01-03T10:27:49Z
usr4324,WatchEvent,2024-01-03T09:34:38Z
usr4324,WatchEvent,2024-01-03T00:31:50Z
usr4324,WatchEvent,2024-01-02T13:42:49Z
usr4324,WatchEvent,2024-01-02T10:09:25Z
usr4324,WatchEvent,2024-01-01T19:36:23Z
usr4324,WatchEvent,2024-01-01T19:21:12Z
usr4324,WatchEvent,2023-12-31T13:39:47Z
usr4324,WatchEvent,2023-12-30T23:02:33Z
usr4324,WatchEvent,2023-12-30T22:16:24Z
usr4324,WatchEvent,2023-12-30T19:35:28Z
usr4324,WatchEvent,2023-12-30T18:53:15Z
usr4324,WatchEvent,2023-12-30T16:39:02Z
usr4324,WatchEvent,2023-12-30T16:13:43Z
usr4324,WatchEvent,2023-12-30T16:08:04Z
usr4324,WatchEvent,2023-12-30T12:21:59Z
usr4324,WatchEvent,2023-12-28T20:21:43Z
usr4324,WatchEvent,2023-12-28T20:21:23Z
usr4324,WatchEvent,2023-12-28T20:21:03Z
usr4324,WatchEvent,2023-12-28T19:17:40Z
usr4324,WatchEvent,2023-12-28T18:44:12Z
usr4324,WatchEvent,2023-12-25T23:25:42Z
usr4324,WatchEvent,2023-12-25T12:06:39Z
usr4324,WatchEvent,2023-12-24T09:49:11Z
usr4324,WatchEvent,2023-12-22T18:30:33Z
usr4324,WatchEvent,2023-12-22T18:13:38Z
usr4324,WatchEvent,2023-12-22T12:55:44Z
usr4324,WatchEvent,2023-12-22T10:50:19Z
usr4324,WatchEvent,2023-12-21T14:06:00Z
usr4324,WatchEvent,2023-12-20T18:54:22Z
usr4324,WatchEvent,2023-12-20T17:06:42Z
usr4324,WatchEvent,2023-12-20T14:37:23Z
usr4324,WatchEvent,2023-12-17T21:00:47Z
usr4324,WatchEvent,2023-12-17T12:35:01Z
usr4324,WatchEvent,2023-12-17T12:33:12Z
usr4324,WatchEvent,2023-12-17T12:32:35Z
usr4324,WatchEvent,2023-12-17T12:30:39Z
usr4324,WatchEvent,2023-12-17T12:24:34Z
usr4324,WatchEvent,2023-12-17T12:18:16Z
usr4324,WatchEvent,2023-12-17T12:09:06Z
usr4324,WatchEvent,2023-12-16T14:32:01Z
usr4324,WatchEvent,2023-12-16T14:06:12Z
usr4324,WatchEvent,2023-12-16T13:58:17Z
usr4324,WatchEvent,2023-12-16T13:56:12Z
usr4324,WatchEvent,2023-12-16T13:45:13Z
usr4324,WatchEvent,2023-12-16T13:40:58Z
usr4324,WatchEvent,2023-12-14T17:45:06Z
usr4324,WatchEvent,2023-12-14T17:14:10Z
usr4324,WatchEvent,2023-12-13T15:25:12Z
usr4324,WatchEvent,2023-12-10T18:58:35Z
usr4324,WatchEvent,2023-12-10T01:50:44Z
usr4324,WatchEvent,2023-12-10T00:08:23Z
usr4324,WatchEvent,2023-12-09T14:47:51Z
usr4324,WatchEvent,2023-12-09T14:39:45Z
usr4324,WatchEvent,2023-12-09T14:38:22Z
usr4324,WatchEvent,2023-12-09T14:25:32Z
usr4324,WatchEvent,2023-12-09T14:11:20Z
usr4324,WatchEvent,2023-12-07T20:10:56Z
usr4324,WatchEvent,2023-12-07T19:50:18Z
usr4324,WatchEvent,2023-12-07T19:24:57Z
usr4324,WatchEvent,2023-12-07T10:58:49Z
usr4324,WatchEvent,2023-12-07T10:57:31Z
usr4324,WatchEvent,2023-12-07T10:41:16Z
usr4324,WatchEvent,2023-12-07T10:39:22Z
usr4324,WatchEvent,2023-12-07T10:35:42Z
usr4324,WatchEvent,2023-12-07T10:20:14Z
usr4324,WatchEvent,2023-12-06T19:54:00Z
usr4324,WatchEvent,2023-12-05T17:11:52Z
usr4324,WatchEvent,2023-12-05T01:01:57Z
usr4324,WatchEvent,2023-12-04T00:49:25Z
usr4324,WatchEvent,2023-12-04T00:46:50Z
usr4324,WatchEvent,2023-12-04T00:39:21Z
usr4324,WatchEvent,2023-12-04T00:36:18Z
usr4324,WatchEvent,2023-12-01T18:21:32Z
usr4324,WatchEvent,2023-12-01T13:35:26Z
usr4324,WatchEvent,2023-11-28T14:55:25Z
usr4324,WatchEvent,2023-11-28T00:27:16Z
usr4324,WatchEvent,2023-11-26T20:40:14Z
usr4324,WatchEvent,2023-11-25T12:56:57Z
usr4324,WatchEvent,2023-11-25T12:56:44Z
usr4324,WatchEvent,2023-11-24T13:27:40Z
usr4324,WatchEvent,2023-11-24T12:45:26Z
usr4324,WatchEvent,2023-11-23T14:58:34Z
usr4324,WatchEvent,2023-11-23T14:58:30Z
usr4324,WatchEvent,2023-11-23T14:43:53Z
usr4324,WatchEvent,2023-11-23T13:55:15Z
usr4324,WatchEvent,2023-11-23T12:30:27Z
usr4324,WatchEvent,2023-11-23T00:08:40Z
usr4324,WatchEvent,2023-11-23T00:08:38Z
usr4324,WatchEvent,2023-11-22T23:59:44Z
usr4324,WatchEvent,2023-11-21T01:18:45Z
usr4324,WatchEvent,2023-11-20T12:23:33Z
usr4324,WatchEvent,2023-11-20T00:29:51Z
usr4324,WatchEvent,2023-11-19T14:36:10Z
usr4324,WatchEvent,2023-11-17T11:14:14Z
usr4324,WatchEvent,2023-11-17T11:09:59Z
usr4324,WatchEvent,2023-11-17T10:46:05Z
usr4324,WatchEvent,2023-11-17T10:36:50Z
usr4324,WatchEvent,2023-11-17T10:36:50Z
usr4324,WatchEvent,2023-11-17T10:36:48Z
usr4324,WatchEvent,2023-11-17T01:05:37Z
usr4324,WatchEvent,2023-11-17T00:58:08Z
usr4324,WatchEvent,2023-11-16T23:33:24Z
usr4324,WatchEvent,2023-11-16T23:33:04Z
usr4324,WatchEvent,2023-11-16T23:32:32Z
usr4324,WatchEvent,2023-11-16T23:12:48Z
usr4324,WatchEvent,2023-11-16T23:08:00Z
usr4324,WatchEvent,2023-11-16T13:48:26Z
usr4324,WatchEvent,2023-11-15T16:13:50Z
usr4324,WatchEvent,2023-11-15T14:57:19Z
usr4324,WatchEvent,2023-11-15T14:42:41Z
usr4324,WatchEvent,2023-11-15T14:42:34Z
usr4324,WatchEvent,2023-11-15T13:04:17Z
usr4324,WatchEvent,2023-11-15T00:39:37Z
usr4324,WatchEvent,2023-11-10T23:22:28Z
usr4324,WatchEvent,2023-11-10T23:21:48Z
usr4324,WatchEvent,2023-11-10T22:33:06Z
usr4324,WatchEvent,2023-11-10T22:32:06Z
usr4324,WatchEvent,2023-11-10T21:41:46Z
usr4324,IssueCommentEvent,2023-11-09T12:43:45Z
usr4324,IssueCommentEvent,2023-11-09T12:35:40Z
usr4324,WatchEvent,2023-11-07T19:24:49Z
usr4324,WatchEvent,2023-11-07T11:32:42Z
usr4324,WatchEvent,2023-11-07T11:31:50Z
usr4324,WatchEvent,2023-11-04T21:20:18Z
usr4324,WatchEvent,2023-11-03T14:03:28Z
usr4324,WatchEvent,2023-11-02T20:15:04Z
usr4324,WatchEvent,2023-10-31T17:09:50Z
usr4324,WatchEvent,2023-10-30T12:46:59Z
usr4324,WatchEvent,2023-10-28T09:46:22Z
usr4324,WatchEvent,2023-10-27T10:24:29Z
usr4324,WatchEvent,2023-10-26T23:35:14Z
usr4324,WatchEvent,2023-10-25T12:33:05Z
usr4324,WatchEvent,2023-10-25T00:04:03Z
usr4324,WatchEvent,2023-10-24T23:19:22Z
usr4324,WatchEvent,2023-10-23T15:39:47Z
usr4324,WatchEvent,2023-10-23T00:44:48Z
usr4324,WatchEvent,2023-10-23T00:40:38Z
usr4324,WatchEvent,2023-10-23T00:40:02Z
usr4324,WatchEvent,2023-10-23T00:35:46Z
usr4324,WatchEvent,2023-10-23T00:32:30Z
usr4324,WatchEvent,2023-10-23T00:31:56Z
usr4324,WatchEvent,2023-10-23T00:30:25Z
usr4324,WatchEvent,2023-10-23T00:29:01Z
usr4324,WatchEvent,2023-10-23T00:27:40Z
usr4324,WatchEvent,2023-10-22T12:27:39Z
usr4324,WatchEvent,2023-10-22T12:19:55Z
usr4324,WatchEvent,2023-10-22T12:08:52Z
usr4324,WatchEvent,2023-10-22T10:55:29Z
usr4324,WatchEvent,2023-10-22T10:51:44Z
usr4324,WatchEvent,2023-10-22T10:51:01Z
usr4324,WatchEvent,2023-10-22T10:15:58Z
usr4324,WatchEvent,2023-10-20T13:50:59Z
usr4324,WatchEvent,2023-10-20T13:50:12Z
usr4324,WatchEvent,2023-10-20T13:26:54Z
usr4324,WatchEvent,2023-10-20T13:20:18Z
usr4324,WatchEvent,2023-10-20T13:02:28Z
usr4324,WatchEvent,2023-10-20T12:59:04Z
usr4324,WatchEvent,2023-10-20T12:36:17Z
usr4324,WatchEvent,2023-10-20T12:35:20Z
usr4324,WatchEvent,2023-10-20T12:33:05Z
usr4324,WatchEvent,2023-10-20T12:29:46Z
usr4324,WatchEvent,2023-10-20T12:29:38Z
usr4324,WatchEvent,2023-10-20T12:28:26Z
usr4324,WatchEvent,2023-10-20T12:25:55Z
usr4324,WatchEvent,2023-10-20T11:50:18Z
usr4324,WatchEvent,2023-10-20T00:43:15Z
usr4324,WatchEvent,2023-10-20T00:31:08Z
usr4324,WatchEvent,2023-10-17T17:05:21Z
usr4324,IssueCommentEvent,2023-10-16T18:03:32Z
usr4324,WatchEvent,2023-10-16T14:54:01Z
usr4324,IssueCommentEvent,2023-10-16T10:28:13Z
usr4326,PushEvent,2023-10-20T20:41:48Z
usr4326,CreateEvent,2023-10-20T20:36:01Z
usr4326,CreateEvent,2023-10-20T20:36:00Z
usr4326,CreateEvent,2023-10-20T20:34:34Z
usr4326,CreateEvent,2023-10-20T20:34:33Z
usr4327,IssueCommentEvent,2023-10-23T12:44:13Z
usr4328,PushEvent,2024-01-16T13:57:23Z
usr4328,PullRequestEvent,2024-01-16T13:57:22Z
usr4328,IssueCommentEvent,2024-01-12T03:08:17Z
usr4328,PullRequestEvent,2024-01-11T18:56:10Z
usr4328,CreateEvent,2024-01-11T18:42:12Z
usr4328,CreateEvent,2024-01-11T18:09:48Z
usr4328,CreateEvent,2024-01-11T18:06:27Z
usr4328,CreateEvent,2024-01-11T18:06:26Z
usr4328,PushEvent,2024-01-09T07:28:03Z
usr4328,PushEvent,2024-01-09T07:24:39Z
usr4328,PushEvent,2024-01-09T07:17:39Z
usr4328,DeleteEvent,2024-01-09T04:10:37Z
usr4328,CreateEvent,2024-01-09T04:10:00Z
usr4328,WatchEvent,2024-01-09T03:16:27Z
usr4328,WatchEvent,2024-01-09T03:16:25Z
usr4328,WatchEvent,2024-01-09T03:16:23Z
usr4328,WatchEvent,2024-01-09T03:16:22Z
usr4328,WatchEvent,2024-01-09T03:16:20Z
usr4328,WatchEvent,2024-01-09T03:16:19Z
usr4328,WatchEvent,2024-01-09T03:16:16Z
usr4328,WatchEvent,2024-01-09T03:16:14Z
usr4328,WatchEvent,2024-01-09T03:16:13Z
usr4328,WatchEvent,2024-01-09T03:16:12Z
usr4328,WatchEvent,2024-01-09T03:16:10Z
usr4328,CreateEvent,2024-01-09T03:04:02Z
usr4328,CreateEvent,2024-01-09T03:02:36Z
usr4328,PushEvent,2023-12-08T03:07:14Z
usr4328,PushEvent,2023-12-08T02:54:09Z
usr4328,PushEvent,2023-12-08T02:42:01Z
usr4328,PushEvent,2023-12-01T02:26:27Z
usr4328,PushEvent,2023-11-18T04:32:28Z
usr4328,PushEvent,2023-11-10T03:39:38Z
usr4328,PushEvent,2023-11-03T03:09:25Z
usr4328,PushEvent,2023-10-27T03:17:05Z
usr4328,PushEvent,2023-10-20T03:26:27Z
usr4329,None,None
usr4330,PushEvent,2024-01-16T10:24:50Z
usr4330,PushEvent,2024-01-15T15:53:21Z
usr4330,PushEvent,2024-01-12T18:14:26Z
usr4330,PushEvent,2024-01-12T17:52:30Z
usr4330,PushEvent,2024-01-11T13:08:38Z
usr4330,CreateEvent,2024-01-11T12:58:20Z
usr4330,CreateEvent,2024-01-11T12:57:43Z
usr4330,CreateEvent,2023-12-20T11:34:42Z
usr4330,CreateEvent,2023-12-20T11:31:18Z
usr4330,CreateEvent,2023-11-30T13:51:34Z
usr4330,CreateEvent,2023-11-30T13:49:29Z
usr4330,CreateEvent,2023-11-30T13:48:50Z
usr4330,CreateEvent,2023-11-30T13:46:06Z
usr4330,CreateEvent,2023-11-30T13:42:44Z
usr4330,CreateEvent,2023-11-30T13:26:10Z
usr4331,CreateEvent,2023-12-20T12:21:40Z
usr4333,None,None
usr4336,PushEvent,2023-10-23T05:15:28Z
usr4336,CreateEvent,2023-10-23T05:11:02Z
usr4336,CreateEvent,2023-10-23T05:08:59Z
usr4338,WatchEvent,2023-11-17T06:57:04Z
usr4340,PushEvent,2023-12-04T02:28:10Z
usr4340,PushEvent,2023-12-03T06:27:51Z
usr4340,PushEvent,2023-12-03T06:25:38Z
usr4340,PushEvent,2023-12-03T06:23:59Z
usr4340,PushEvent,2023-12-03T06:03:17Z
usr4340,PushEvent,2023-12-03T06:01:56Z
usr4341,PushEvent,2023-12-08T08:23:08Z
usr4341,PushEvent,2023-12-08T08:20:06Z
usr4341,PushEvent,2023-12-07T22:04:07Z
usr4341,PushEvent,2023-12-07T22:03:34Z
usr4341,PushEvent,2023-12-07T22:02:58Z
usr4341,PushEvent,2023-12-05T21:26:46Z
usr4341,CreateEvent,2023-12-05T21:26:30Z
usr4341,CreateEvent,2023-12-05T21:25:46Z
usr4341,PushEvent,2023-12-05T21:16:20Z
usr4341,PushEvent,2023-12-05T21:13:48Z
usr4341,PushEvent,2023-12-05T21:12:47Z
usr4341,PushEvent,2023-12-05T21:06:55Z
usr4341,PushEvent,2023-12-05T20:57:55Z
usr4341,PushEvent,2023-12-05T20:49:11Z
usr4341,PushEvent,2023-12-04T21:44:09Z
usr4341,PushEvent,2023-12-04T21:35:30Z
usr4341,PushEvent,2023-12-04T21:22:18Z
usr4341,PushEvent,2023-12-04T21:13:55Z
usr4341,PushEvent,2023-12-04T21:13:02Z
usr4341,PushEvent,2023-12-04T21:11:41Z
usr4341,PushEvent,2023-12-04T21:10:28Z
usr4341,PushEvent,2023-12-04T21:09:56Z
usr4341,PushEvent,2023-12-04T21:07:43Z
usr4341,PushEvent,2023-12-04T20:52:41Z
usr4341,PushEvent,2023-12-04T20:51:04Z
usr4341,PushEvent,2023-12-04T20:49:24Z
usr4341,PushEvent,2023-12-04T20:47:51Z
usr4341,PushEvent,2023-12-04T20:45:26Z
usr4341,PushEvent,2023-12-04T20:43:54Z
usr4341,PushEvent,2023-12-04T20:41:19Z
usr4341,PushEvent,2023-12-04T20:38:05Z
usr4341,PushEvent,2023-12-04T20:33:55Z
usr4341,PushEvent,2023-12-03T21:39:38Z
usr4341,PushEvent,2023-12-03T21:37:10Z
usr4341,PushEvent,2023-12-03T21:32:22Z
usr4341,PushEvent,2023-12-03T21:31:26Z
usr4341,PushEvent,2023-12-03T21:26:43Z
usr4341,PushEvent,2023-12-03T21:24:10Z
usr4341,PushEvent,2023-12-03T21:01:20Z
usr4341,PushEvent,2023-12-03T20:54:14Z
usr4341,PushEvent,2023-12-03T20:53:20Z
usr4341,PushEvent,2023-12-03T20:49:31Z
usr4341,PushEvent,2023-12-03T20:48:07Z
usr4341,PushEvent,2023-12-03T20:46:24Z
usr4341,PushEvent,2023-12-03T20:41:21Z
usr4341,PushEvent,2023-12-03T20:40:48Z
usr4341,PushEvent,2023-12-03T20:38:37Z
usr4341,PushEvent,2023-12-03T20:35:41Z
usr4341,PushEvent,2023-12-03T20:35:14Z
usr4341,PushEvent,2023-12-03T20:34:12Z
usr4341,PushEvent,2023-12-03T20:32:47Z
usr4341,PushEvent,2023-12-03T20:31:57Z
usr4341,PushEvent,2023-12-03T20:31:30Z
usr4341,PushEvent,2023-12-02T22:27:42Z
usr4341,PushEvent,2023-12-02T22:21:33Z
usr4341,PushEvent,2023-12-02T19:30:00Z
usr4341,PushEvent,2023-12-02T19:15:14Z
usr4341,PushEvent,2023-12-02T19:02:12Z
usr4341,PushEvent,2023-12-02T18:43:30Z
usr4341,PushEvent,2023-12-02T18:01:56Z
usr4341,PushEvent,2023-12-02T17:58:08Z
usr4341,PushEvent,2023-12-02T17:57:11Z
usr4341,PushEvent,2023-12-02T17:48:10Z
usr4341,PushEvent,2023-12-02T17:48:06Z
usr4341,PushEvent,2023-12-02T17:10:13Z
usr4341,PushEvent,2023-12-02T17:08:23Z
usr4341,PushEvent,2023-12-02T17:07:06Z
usr4341,PushEvent,2023-12-02T17:04:53Z
usr4341,PushEvent,2023-12-02T16:55:30Z
usr4341,PushEvent,2023-12-02T14:28:38Z
usr4341,PushEvent,2023-12-02T14:21:24Z
usr4341,PushEvent,2023-12-02T14:08:37Z
usr4341,PushEvent,2023-12-02T14:02:43Z
usr4341,PushEvent,2023-12-02T14:00:48Z
usr4341,PushEvent,2023-12-02T13:57:34Z
usr4341,PushEvent,2023-12-02T13:51:56Z
usr4341,PushEvent,2023-12-01T16:47:56Z
usr4341,PushEvent,2023-11-30T21:50:34Z
usr4341,PushEvent,2023-11-30T21:43:03Z
usr4341,PushEvent,2023-11-30T21:34:54Z
usr4341,PushEvent,2023-11-30T21:24:19Z
usr4341,PushEvent,2023-11-30T21:19:48Z
usr4341,CreateEvent,2023-11-28T21:33:23Z
usr4341,CreateEvent,2023-11-28T21:32:45Z
usr4341,PushEvent,2023-11-28T21:18:07Z
usr4341,PushEvent,2023-11-28T21:11:12Z
usr4341,PushEvent,2023-11-28T20:46:08Z
usr4341,PushEvent,2023-11-28T20:34:49Z
usr4341,PushEvent,2023-11-28T20:33:25Z
usr4341,PushEvent,2023-11-28T20:31:59Z
usr4341,PushEvent,2023-11-28T20:28:53Z
usr4341,PushEvent,2023-11-28T20:20:55Z
usr4341,PushEvent,2023-11-28T20:04:23Z
usr4341,PushEvent,2023-11-28T20:02:29Z
usr4341,PushEvent,2023-11-28T19:58:22Z
usr4341,PushEvent,2023-11-27T21:02:20Z
usr4341,PushEvent,2023-11-27T20:59:56Z
usr4341,PushEvent,2023-11-27T20:53:20Z
usr4341,PushEvent,2023-11-27T20:50:21Z
usr4341,PushEvent,2023-11-27T20:31:04Z
usr4341,PushEvent,2023-11-26T20:14:15Z
usr4341,PushEvent,2023-11-26T20:05:43Z
usr4341,PushEvent,2023-11-26T20:03:57Z
usr4341,PushEvent,2023-11-26T19:49:14Z
usr4341,PushEvent,2023-11-26T19:38:43Z
usr4341,PushEvent,2023-11-26T19:27:51Z
usr4341,PushEvent,2023-11-26T19:04:34Z
usr4341,PushEvent,2023-11-26T18:59:42Z
usr4341,PushEvent,2023-11-26T18:29:03Z
usr4341,PushEvent,2023-11-26T18:21:29Z
usr4341,PushEvent,2023-11-26T18:18:34Z
usr4341,PushEvent,2023-11-26T18:17:36Z
usr4341,PushEvent,2023-11-26T18:10:23Z
usr4341,PushEvent,2023-11-26T17:47:48Z
usr4341,CreateEvent,2023-11-25T14:26:37Z
usr4341,CreateEvent,2023-11-25T14:26:09Z
usr4341,PushEvent,2023-11-24T19:52:00Z
usr4341,PushEvent,2023-11-23T21:25:21Z
usr4341,PushEvent,2023-11-23T21:05:00Z
usr4341,PushEvent,2023-11-23T20:57:06Z
usr4341,PushEvent,2023-11-23T20:47:17Z
usr4341,PushEvent,2023-11-23T20:42:00Z
usr4341,PushEvent,2023-11-23T20:38:58Z
usr4341,PushEvent,2023-11-23T20:31:03Z
usr4341,PushEvent,2023-11-23T20:26:55Z
usr4341,PushEvent,2023-11-23T20:26:26Z
usr4341,PushEvent,2023-11-23T20:21:22Z
usr4341,PushEvent,2023-11-23T20:20:10Z
usr4341,PushEvent,2023-11-23T20:08:49Z
usr4341,CreateEvent,2023-11-23T20:03:20Z
usr4341,CreateEvent,2023-11-23T19:53:09Z
usr4341,PushEvent,2023-11-21T21:29:18Z
usr4341,PushEvent,2023-11-21T20:59:59Z
usr4341,PushEvent,2023-11-21T20:52:47Z
usr4341,PushEvent,2023-11-21T20:25:19Z
usr4341,PushEvent,2023-11-21T20:11:14Z
usr4341,PushEvent,2023-11-21T19:52:25Z
usr4341,PushEvent,2023-11-20T12:09:55Z
usr4341,PushEvent,2023-11-20T12:08:11Z
usr4341,PushEvent,2023-11-20T12:02:39Z
usr4341,PushEvent,2023-11-20T11:54:04Z
usr4341,PushEvent,2023-11-20T11:53:27Z
usr4341,PushEvent,2023-11-20T11:46:06Z
usr4341,PushEvent,2023-11-20T11:36:06Z
usr4341,PushEvent,2023-11-20T11:34:11Z
usr4341,PushEvent,2023-11-20T11:27:06Z
usr4341,PushEvent,2023-11-20T11:20:51Z
usr4341,PushEvent,2023-11-20T11:18:37Z
usr4341,PushEvent,2023-11-20T11:16:08Z
usr4341,PushEvent,2023-11-20T11:07:16Z
usr4341,CreateEvent,2023-11-20T10:20:19Z
usr4341,CreateEvent,2023-11-20T10:20:15Z
usr4341,PushEvent,2023-11-20T09:30:08Z
usr4341,PushEvent,2023-11-20T09:29:36Z
usr4341,PushEvent,2023-11-20T09:24:49Z
usr4341,PushEvent,2023-11-20T09:20:50Z
usr4341,CreateEvent,2023-11-20T09:17:46Z
usr4341,CreateEvent,2023-11-20T09:17:42Z
usr4341,PushEvent,2023-11-20T09:10:13Z
usr4341,PushEvent,2023-11-19T19:28:51Z
usr4341,PushEvent,2023-11-19T19:04:11Z
usr4341,PushEvent,2023-11-19T19:02:13Z
usr4341,PushEvent,2023-11-19T10:39:00Z
usr4341,PushEvent,2023-11-19T10:33:55Z
usr4341,PushEvent,2023-11-19T10:26:21Z
usr4341,PushEvent,2023-11-19T10:21:58Z
usr4341,PushEvent,2023-11-19T10:20:09Z
usr4341,PushEvent,2023-11-18T16:09:02Z
usr4341,PushEvent,2023-11-18T16:00:48Z
usr4341,PushEvent,2023-11-18T15:58:26Z
usr4341,PushEvent,2023-11-18T15:58:14Z
usr4341,PushEvent,2023-11-18T15:52:36Z
usr4341,PushEvent,2023-11-18T15:48:40Z
usr4341,PushEvent,2023-11-18T15:45:59Z
usr4341,PushEvent,2023-11-18T15:45:18Z
usr4341,PushEvent,2023-11-18T15:45:01Z
usr4341,PushEvent,2023-11-18T15:43:47Z
usr4341,PushEvent,2023-11-18T15:38:29Z
usr4341,PushEvent,2023-11-18T15:37:01Z
usr4341,PushEvent,2023-11-18T15:35:48Z
usr4341,PushEvent,2023-11-18T15:29:32Z
usr4341,PushEvent,2023-11-18T15:26:38Z
usr4341,PushEvent,2023-11-18T15:25:22Z
usr4341,PushEvent,2023-11-17T06:40:05Z
usr4341,PushEvent,2023-11-17T06:33:52Z
usr4341,PushEvent,2023-11-17T06:33:37Z
usr4341,PushEvent,2023-11-15T18:58:19Z
usr4341,PushEvent,2023-11-15T18:21:14Z
usr4341,PushEvent,2023-11-15T18:20:36Z
usr4341,PushEvent,2023-11-15T18:15:16Z
usr4341,PushEvent,2023-11-15T18:13:55Z
usr4341,PushEvent,2023-11-15T18:13:32Z
usr4341,PushEvent,2023-11-15T18:08:14Z
usr4341,PushEvent,2023-11-15T18:06:42Z
usr4341,PushEvent,2023-11-15T18:05:41Z
usr4341,PushEvent,2023-11-15T18:04:15Z
usr4341,PushEvent,2023-11-15T18:03:25Z
usr4341,PushEvent,2023-11-15T17:58:32Z
usr4341,PushEvent,2023-11-15T17:56:15Z
usr4341,CreateEvent,2023-11-15T17:53:43Z
usr4341,CreateEvent,2023-11-15T17:53:40Z
usr4341,PushEvent,2023-11-06T20:43:48Z
usr4341,PushEvent,2023-11-06T20:40:48Z
usr4341,PushEvent,2023-11-06T20:19:45Z
usr4341,PushEvent,2023-11-06T20:12:25Z
usr4341,PushEvent,2023-11-05T19:11:02Z
usr4341,PushEvent,2023-11-05T18:49:35Z
usr4341,PushEvent,2023-11-05T18:20:03Z
usr4341,PushEvent,2023-11-05T18:13:47Z
usr4341,PushEvent,2023-11-05T10:30:10Z
usr4341,PushEvent,2023-11-05T09:01:25Z
usr4341,PushEvent,2023-11-05T09:00:18Z
usr4341,PushEvent,2023-11-05T09:00:06Z
usr4341,PushEvent,2023-11-05T08:42:19Z
usr4341,PushEvent,2023-11-05T08:41:54Z
usr4341,PushEvent,2023-11-05T08:11:18Z
usr4341,PushEvent,2023-11-05T08:10:17Z
usr4341,PushEvent,2023-11-05T08:09:07Z
usr4341,PushEvent,2023-11-05T08:04:37Z
usr4341,PushEvent,2023-11-03T06:48:10Z
usr4341,PushEvent,2023-11-03T06:27:00Z
usr4341,PushEvent,2023-11-03T06:25:05Z
usr4341,PushEvent,2023-11-03T06:11:52Z
usr4341,PushEvent,2023-11-02T21:06:33Z
usr4341,CreateEvent,2023-11-02T21:04:12Z
usr4341,CreateEvent,2023-11-02T21:04:05Z
usr4342,PushEvent,2024-01-16T06:24:45Z
usr4342,PushEvent,2024-01-16T06:20:35Z
usr4342,PushEvent,2024-01-16T04:46:39Z
usr4342,PushEvent,2024-01-15T11:27:59Z
usr4342,PushEvent,2024-01-15T11:24:13Z
usr4342,PushEvent,2024-01-15T09:58:52Z
usr4342,PushEvent,2024-01-15T09:26:00Z
usr4342,PushEvent,2024-01-15T09:22:40Z
usr4342,CreateEvent,2024-01-14T08:17:05Z
usr4342,CreateEvent,2024-01-14T08:13:23Z
usr4342,PushEvent,2024-01-13T05:55:21Z
usr4342,CreateEvent,2024-01-13T05:48:25Z
usr4342,PushEvent,2024-01-12T07:58:57Z
usr4342,PushEvent,2024-01-12T07:55:45Z
usr4342,PushEvent,2024-01-12T06:35:49Z
usr4342,PushEvent,2024-01-12T06:32:17Z
usr4342,PushEvent,2024-01-12T05:41:45Z
usr4342,PushEvent,2024-01-12T05:36:17Z
usr4342,PushEvent,2024-01-12T03:20:04Z
usr4342,PushEvent,2024-01-10T04:37:40Z
usr4342,PushEvent,2024-01-10T03:38:03Z
usr4342,CreateEvent,2024-01-10T03:32:57Z
usr4342,CreateEvent,2024-01-10T03:32:32Z
usr4342,PushEvent,2024-01-09T05:51:00Z
usr4342,PushEvent,2024-01-09T05:46:19Z
usr4342,PushEvent,2024-01-05T12:02:04Z
usr4342,PushEvent,2024-01-05T12:00:04Z
usr4342,PushEvent,2024-01-05T11:58:59Z
usr4342,PushEvent,2024-01-05T11:57:46Z
usr4342,PushEvent,2024-01-05T11:52:11Z
usr4342,PushEvent,2024-01-04T11:03:24Z
usr4342,PushEvent,2024-01-04T11:02:00Z
usr4342,PushEvent,2024-01-04T10:59:43Z
usr4342,PushEvent,2024-01-04T10:53:57Z
usr4342,PushEvent,2024-01-04T09:24:43Z
usr4342,PushEvent,2024-01-04T09:19:52Z
usr4342,PushEvent,2023-12-27T09:12:16Z
usr4342,PushEvent,2023-12-27T09:11:49Z
usr4342,PushEvent,2023-12-25T09:44:24Z
usr4342,PushEvent,2023-12-25T09:42:50Z
usr4342,PushEvent,2023-12-25T09:41:44Z
usr4342,PushEvent,2023-12-25T09:35:05Z
usr4342,PushEvent,2023-12-25T09:32:14Z
usr4342,PushEvent,2023-12-25T09:27:23Z
usr4342,PushEvent,2023-12-25T09:25:02Z
usr4342,PushEvent,2023-12-25T08:59:02Z
usr4342,PushEvent,2023-12-25T08:55:27Z
usr4342,PushEvent,2023-12-25T08:47:26Z
usr4342,PushEvent,2023-12-25T08:44:41Z
usr4342,PushEvent,2023-12-25T06:36:55Z
usr4342,PushEvent,2023-12-25T06:01:00Z
usr4342,PushEvent,2023-12-25T05:59:46Z
usr4342,PushEvent,2023-12-25T04:35:23Z
usr4342,PushEvent,2023-12-25T04:29:50Z
usr4342,PushEvent,2023-12-22T12:26:07Z
usr4342,PushEvent,2023-12-22T12:23:54Z
usr4342,PushEvent,2023-12-22T09:54:50Z
usr4342,PushEvent,2023-12-22T09:52:21Z
usr4342,PushEvent,2023-12-22T09:50:00Z
usr4342,PushEvent,2023-12-22T09:48:06Z
usr4342,PushEvent,2023-12-22T09:33:23Z
usr4342,PushEvent,2023-12-22T09:30:14Z
usr4342,PushEvent,2023-12-22T06:47:10Z
usr4342,PushEvent,2023-12-22T06:42:12Z
usr4342,PushEvent,2023-12-22T06:40:33Z
usr4342,PushEvent,2023-12-22T06:38:56Z
usr4342,PushEvent,2023-12-22T06:31:57Z
usr4342,PushEvent,2023-12-22T06:28:06Z
usr4342,PushEvent,2023-12-22T05:02:31Z
usr4342,PushEvent,2023-12-22T05:00:29Z
usr4342,PushEvent,2023-12-21T11:46:33Z
usr4342,PushEvent,2023-12-21T11:43:00Z
usr4342,PushEvent,2023-12-21T11:40:17Z
usr4342,PushEvent,2023-12-21T10:51:14Z
usr4342,PushEvent,2023-12-21T10:48:23Z
usr4342,PushEvent,2023-12-21T04:40:28Z
usr4342,PushEvent,2023-12-21T04:38:19Z
usr4342,PushEvent,2023-12-21T04:32:17Z
usr4342,PushEvent,2023-12-21T04:30:50Z
usr4342,PushEvent,2023-12-21T04:30:10Z
usr4342,PushEvent,2023-12-21T04:17:51Z
usr4342,PushEvent,2023-12-21T04:13:09Z
usr4342,PushEvent,2023-12-21T04:12:56Z
usr4342,PushEvent,2023-12-21T04:04:06Z
usr4342,PushEvent,2023-12-21T04:03:49Z
usr4342,PushEvent,2023-12-20T10:45:52Z
usr4342,PushEvent,2023-12-20T09:55:44Z
usr4342,PushEvent,2023-12-20T05:36:33Z
usr4342,PushEvent,2023-12-19T11:40:08Z
usr4342,PushEvent,2023-12-19T11:38:43Z
usr4342,PushEvent,2023-12-19T10:57:16Z
usr4342,PushEvent,2023-12-19T10:51:28Z
usr4342,CreateEvent,2023-12-19T10:49:27Z
usr4342,CreateEvent,2023-12-19T10:48:55Z
usr4342,PushEvent,2023-12-14T06:23:31Z
usr4342,CreateEvent,2023-12-14T06:19:43Z
usr4342,CreateEvent,2023-12-14T06:18:31Z
usr4342,PushEvent,2023-11-30T10:09:28Z
usr4342,PushEvent,2023-11-30T10:06:42Z
usr4342,PushEvent,2023-11-30T09:41:19Z
usr4342,PushEvent,2023-11-30T09:40:10Z
usr4342,PushEvent,2023-11-30T09:25:15Z
usr4342,PushEvent,2023-11-30T09:21:28Z
usr4342,PushEvent,2023-11-30T08:54:55Z
usr4342,PushEvent,2023-11-30T08:25:29Z
usr4342,PushEvent,2023-11-30T08:22:18Z
usr4342,PushEvent,2023-11-30T05:22:46Z
usr4342,PushEvent,2023-11-30T05:17:36Z
usr4342,PushEvent,2023-11-30T05:14:58Z
usr4342,PushEvent,2023-11-30T04:35:13Z
usr4342,PushEvent,2023-11-30T04:33:32Z
usr4342,PushEvent,2023-11-29T09:43:49Z
usr4342,PushEvent,2023-11-29T09:38:22Z
usr4342,PushEvent,2023-11-29T06:24:57Z
usr4342,PushEvent,2023-11-29T06:24:28Z
usr4342,PushEvent,2023-11-29T06:21:44Z
usr4342,PushEvent,2023-11-29T05:16:24Z
usr4342,PushEvent,2023-11-29T05:15:09Z
usr4342,PushEvent,2023-11-29T05:04:19Z
usr4342,PushEvent,2023-11-29T05:01:20Z
usr4342,PushEvent,2023-11-29T04:59:30Z
usr4342,PushEvent,2023-11-29T04:56:26Z
usr4342,PushEvent,2023-11-29T03:58:42Z
usr4342,PushEvent,2023-11-28T11:55:05Z
usr4342,PushEvent,2023-11-28T11:51:33Z
usr4342,PushEvent,2023-11-28T11:49:48Z
usr4342,PushEvent,2023-11-28T11:29:41Z
usr4342,PushEvent,2023-11-28T11:27:45Z
usr4342,PushEvent,2023-11-28T11:24:24Z
usr4342,PushEvent,2023-11-28T11:12:33Z
usr4342,PushEvent,2023-11-28T10:08:13Z
usr4342,PushEvent,2023-11-28T10:01:08Z
usr4342,PushEvent,2023-11-28T09:58:24Z
usr4342,PushEvent,2023-11-28T09:36:11Z
usr4342,PushEvent,2023-11-28T09:32:10Z
usr4342,PushEvent,2023-11-28T09:17:54Z
usr4342,PushEvent,2023-11-28T09:16:07Z
usr4342,PushEvent,2023-11-28T09:11:15Z
usr4342,PushEvent,2023-11-28T09:08:40Z
usr4342,PushEvent,2023-11-28T06:47:43Z
usr4342,PushEvent,2023-11-28T06:43:37Z
usr4342,PushEvent,2023-11-28T06:28:54Z
usr4342,PushEvent,2023-11-28T06:26:41Z
usr4342,PushEvent,2023-11-28T05:46:19Z
usr4342,PushEvent,2023-11-28T05:44:39Z
usr4342,PushEvent,2023-11-28T05:27:51Z
usr4342,PushEvent,2023-11-28T05:25:07Z
usr4342,PushEvent,2023-11-28T05:15:46Z
usr4342,PushEvent,2023-11-28T05:14:37Z
usr4342,PushEvent,2023-11-28T05:10:48Z
usr4342,PushEvent,2023-11-28T04:54:40Z
usr4342,PushEvent,2023-11-28T04:52:59Z
usr4342,PushEvent,2023-11-28T04:25:04Z
usr4342,PushEvent,2023-11-28T04:22:11Z
usr4342,PushEvent,2023-11-27T10:29:28Z
usr4342,PushEvent,2023-11-27T10:19:56Z
usr4342,PushEvent,2023-11-27T10:18:14Z
usr4342,PushEvent,2023-11-27T10:01:08Z
usr4342,PushEvent,2023-11-27T09:55:31Z
usr4342,PushEvent,2023-11-27T09:33:48Z
usr4342,PushEvent,2023-11-27T09:27:49Z
usr4342,PushEvent,2023-11-27T05:25:28Z
usr4342,PushEvent,2023-11-27T05:23:49Z
usr4342,PushEvent,2023-11-24T10:20:56Z
usr4342,PushEvent,2023-11-24T09:52:14Z
usr4342,PushEvent,2023-11-24T05:15:26Z
usr4342,PushEvent,2023-11-24T05:14:20Z
usr4342,PushEvent,2023-11-24T05:07:48Z
usr4342,PushEvent,2023-11-24T05:06:36Z
usr4342,PushEvent,2023-11-24T04:58:11Z
usr4342,PushEvent,2023-11-24T04:56:09Z
usr4342,PushEvent,2023-11-24T03:26:32Z
usr4342,PushEvent,2023-11-24T03:24:28Z
usr4342,PushEvent,2023-11-24T03:15:57Z
usr4342,PushEvent,2023-11-24T03:12:55Z
usr4342,PushEvent,2023-11-24T03:07:13Z
usr4342,PushEvent,2023-11-23T11:47:29Z
usr4342,PushEvent,2023-11-23T11:46:00Z
usr4342,PushEvent,2023-11-23T11:41:31Z
usr4342,PushEvent,2023-11-23T11:30:49Z
usr4342,PushEvent,2023-11-23T11:30:16Z
usr4342,PushEvent,2023-11-23T10:00:48Z
usr4342,PushEvent,2023-11-23T09:56:31Z
usr4342,PushEvent,2023-11-23T07:42:10Z
usr4342,PushEvent,2023-11-23T07:02:01Z
usr4342,PushEvent,2023-11-23T07:00:55Z
usr4342,PushEvent,2023-11-23T07:00:39Z
usr4342,PushEvent,2023-11-23T06:56:09Z
usr4342,PushEvent,2023-11-23T06:55:12Z
usr4342,PushEvent,2023-11-23T06:51:09Z
usr4342,PushEvent,2023-11-23T06:49:05Z
usr4342,PushEvent,2023-11-23T06:22:43Z
usr4342,PushEvent,2023-11-23T06:20:07Z
usr4342,PushEvent,2023-11-23T06:17:32Z
usr4342,PushEvent,2023-11-23T06:14:57Z
usr4342,PushEvent,2023-11-23T06:11:41Z
usr4342,PushEvent,2023-11-22T10:38:56Z
usr4342,PushEvent,2023-11-22T09:20:53Z
usr4342,PushEvent,2023-11-22T09:14:17Z
usr4342,PushEvent,2023-11-22T09:11:45Z
usr4342,PushEvent,2023-11-22T09:10:29Z
usr4342,PushEvent,2023-11-22T09:05:44Z
usr4342,PushEvent,2023-11-22T09:04:26Z
usr4342,PushEvent,2023-11-22T09:02:35Z
usr4342,PushEvent,2023-11-22T08:58:33Z
usr4342,PushEvent,2023-11-22T08:55:59Z
usr4342,PushEvent,2023-11-22T08:54:11Z
usr4342,PushEvent,2023-11-22T06:46:53Z
usr4342,PushEvent,2023-11-22T06:42:15Z
usr4342,PushEvent,2023-11-22T06:40:34Z
usr4342,PushEvent,2023-11-22T06:39:47Z
usr4342,PushEvent,2023-11-22T06:33:41Z
usr4342,PushEvent,2023-11-22T06:31:44Z
usr4342,PushEvent,2023-11-22T06:12:38Z
usr4342,PushEvent,2023-11-22T06:10:39Z
usr4342,PushEvent,2023-11-22T05:17:08Z
usr4342,PushEvent,2023-11-22T05:12:15Z
usr4342,PushEvent,2023-11-22T03:32:03Z
usr4342,PushEvent,2023-11-22T03:27:19Z
usr4342,PushEvent,2023-11-22T03:22:41Z
usr4342,PushEvent,2023-11-21T11:38:19Z
usr4342,PushEvent,2023-11-21T11:37:47Z
usr4342,PushEvent,2023-11-21T11:23:59Z
usr4342,PushEvent,2023-11-21T11:21:23Z
usr4342,PushEvent,2023-11-21T09:19:42Z
usr4342,PushEvent,2023-11-21T05:53:00Z
usr4342,PushEvent,2023-11-21T05:50:00Z
usr4342,PushEvent,2023-11-21T04:48:59Z
usr4342,PushEvent,2023-11-21T04:44:25Z
usr4342,PushEvent,2023-11-21T04:32:18Z
usr4342,PushEvent,2023-11-21T04:29:32Z
usr4342,PushEvent,2023-11-21T03:44:52Z
usr4342,PushEvent,2023-11-21T03:42:38Z
usr4342,PushEvent,2023-11-20T05:56:41Z
usr4342,PushEvent,2023-11-20T05:51:44Z
usr4342,PushEvent,2023-11-20T05:48:48Z
usr4342,PushEvent,2023-11-20T05:35:05Z
usr4342,PushEvent,2023-11-20T05:33:35Z
usr4342,PushEvent,2023-11-20T04:57:10Z
usr4342,PushEvent,2023-11-20T04:49:29Z
usr4342,PushEvent,2023-11-13T05:24:38Z
usr4342,PushEvent,2023-11-13T05:11:14Z
usr4342,PushEvent,2023-11-13T05:00:40Z
usr4342,IssueCommentEvent,2023-11-13T03:50:55Z
usr4342,PushEvent,2023-11-13T03:42:31Z
usr4342,PushEvent,2023-11-12T09:37:11Z
usr4342,IssueCommentEvent,2023-11-12T09:35:54Z
usr4342,PushEvent,2023-11-11T07:55:03Z
usr4342,PushEvent,2023-11-10T11:26:45Z
usr4342,PushEvent,2023-11-10T11:24:43Z
usr4342,PushEvent,2023-11-10T11:22:58Z
usr4342,PushEvent,2023-11-10T09:25:21Z
usr4342,PushEvent,2023-11-10T09:24:54Z
usr4342,PushEvent,2023-11-10T09:23:08Z
usr4342,PushEvent,2023-11-10T09:21:52Z
usr4342,PushEvent,2023-11-10T09:19:43Z
usr4342,PushEvent,2023-11-10T09:15:08Z
usr4342,PushEvent,2023-11-10T09:14:35Z
usr4342,PushEvent,2023-11-10T09:09:14Z
usr4342,PushEvent,2023-11-10T08:32:45Z
usr4342,PushEvent,2023-11-10T08:27:00Z
usr4342,PushEvent,2023-11-10T08:23:59Z
usr4342,PushEvent,2023-11-10T08:14:21Z
usr4342,PushEvent,2023-11-10T06:36:11Z
usr4342,PushEvent,2023-11-10T06:34:20Z
usr4342,PushEvent,2023-11-10T06:31:59Z
usr4342,PushEvent,2023-11-10T05:37:34Z
usr4342,PushEvent,2023-11-10T05:33:55Z
usr4342,PushEvent,2023-11-10T05:31:20Z
usr4342,PushEvent,2023-11-10T05:29:58Z
usr4342,PushEvent,2023-11-10T05:26:47Z
usr4342,PushEvent,2023-11-10T05:24:44Z
usr4342,PushEvent,2023-11-10T05:22:48Z
usr4342,PushEvent,2023-11-10T05:18:48Z
usr4342,PushEvent,2023-11-10T05:17:59Z
usr4342,PushEvent,2023-11-10T05:17:00Z
usr4342,PushEvent,2023-11-10T05:15:06Z
usr4342,PushEvent,2023-11-10T05:10:53Z
usr4342,PushEvent,2023-11-10T05:03:12Z
usr4342,PushEvent,2023-11-10T04:52:41Z
usr4342,PushEvent,2023-11-10T04:49:48Z
usr4342,PushEvent,2023-11-10T04:49:13Z
usr4342,PushEvent,2023-11-10T04:46:33Z
usr4342,PushEvent,2023-11-09T06:26:22Z
usr4342,PushEvent,2023-11-09T06:17:31Z
usr4342,PushEvent,2023-11-09T06:16:33Z
usr4342,PushEvent,2023-11-09T06:03:59Z
usr4342,PushEvent,2023-11-09T06:00:35Z
usr4342,PushEvent,2023-11-08T09:29:02Z
usr4342,PushEvent,2023-11-08T09:27:54Z
usr4342,PushEvent,2023-11-08T09:22:47Z
usr4342,PushEvent,2023-11-08T09:21:11Z
usr4342,PushEvent,2023-11-08T09:18:20Z
usr4342,CreateEvent,2023-11-07T11:21:46Z
usr4342,CreateEvent,2023-11-07T11:21:14Z
usr4342,PushEvent,2023-11-07T05:40:38Z
usr4342,PushEvent,2023-11-07T05:38:53Z
usr4342,PushEvent,2023-11-07T04:59:13Z
usr4342,PushEvent,2023-11-07T04:57:16Z
usr4342,PushEvent,2023-11-07T04:54:39Z
usr4343,PushEvent,2024-01-14T04:43:30Z
usr4343,WatchEvent,2023-12-23T00:31:16Z
usr4343,WatchEvent,2023-12-23T00:31:15Z
usr4343,WatchEvent,2023-12-08T11:39:16Z
usr4343,WatchEvent,2023-12-08T11:39:10Z
usr4343,WatchEvent,2023-12-04T21:02:12Z
usr4343,PushEvent,2023-12-03T13:15:17Z
usr4343,PushEvent,2023-12-03T05:19:57Z
usr4343,PushEvent,2023-12-03T05:10:24Z
usr4343,PushEvent,2023-12-03T04:35:23Z
usr4343,PushEvent,2023-11-30T11:57:47Z
usr4343,PushEvent,2023-11-30T11:16:55Z
usr4343,PushEvent,2023-11-30T10:58:15Z
usr4343,PushEvent,2023-11-30T10:19:37Z
usr4343,PushEvent,2023-11-30T10:15:29Z
usr4343,PushEvent,2023-11-30T09:32:38Z
usr4343,PushEvent,2023-11-30T09:31:37Z
usr4343,CreateEvent,2023-11-30T09:24:33Z
usr4343,CreateEvent,2023-11-30T09:24:32Z
usr4343,PushEvent,2023-11-29T06:11:19Z
usr4343,PushEvent,2023-11-29T00:41:01Z
usr4343,PushEvent,2023-11-29T00:40:37Z
usr4343,PushEvent,2023-11-29T00:20:52Z
usr4343,PushEvent,2023-11-29T00:18:00Z
usr4343,PushEvent,2023-11-29T00:17:33Z
usr4343,PushEvent,2023-11-29T00:14:04Z
usr4343,PushEvent,2023-11-29T00:13:49Z
usr4343,PushEvent,2023-11-29T00:05:48Z
usr4343,CreateEvent,2023-11-29T00:03:17Z
usr4343,PushEvent,2023-11-28T23:35:03Z
usr4343,PushEvent,2023-11-28T23:30:31Z
usr4343,PushEvent,2023-11-28T23:29:27Z
usr4343,CreateEvent,2023-11-28T23:02:41Z
usr4343,CreateEvent,2023-11-28T23:01:24Z
usr4343,PushEvent,2023-11-26T00:01:45Z
usr4343,PushEvent,2023-11-26T00:00:44Z
usr4343,CreateEvent,2023-11-25T23:57:17Z
usr4343,CreateEvent,2023-11-25T23:57:15Z
usr4343,PushEvent,2023-11-25T12:59:12Z
usr4343,PushEvent,2023-11-17T10:36:36Z
usr4343,PushEvent,2023-11-17T10:30:12Z
usr4343,PushEvent,2023-11-17T10:20:28Z
usr4343,PushEvent,2023-11-17T09:56:10Z
usr4343,PushEvent,2023-11-17T09:30:51Z
usr4343,PushEvent,2023-11-17T09:23:19Z
usr4343,PushEvent,2023-11-17T08:43:39Z
usr4343,PushEvent,2023-11-17T08:20:11Z
usr4343,PushEvent,2023-11-17T08:09:32Z
usr4343,PushEvent,2023-11-17T08:08:44Z
usr4343,CreateEvent,2023-11-17T08:02:09Z
usr4343,CreateEvent,2023-11-17T08:02:07Z
usr4343,PushEvent,2023-11-15T22:40:24Z
usr4343,PushEvent,2023-11-15T08:03:22Z
usr4343,PushEvent,2023-11-15T07:39:11Z
usr4343,PushEvent,2023-11-15T07:37:47Z
usr4343,CreateEvent,2023-11-15T07:08:17Z
usr4343,CreateEvent,2023-11-15T07:08:15Z
usr4343,PushEvent,2023-11-14T12:36:20Z
usr4343,PushEvent,2023-11-14T04:19:04Z
usr4343,PushEvent,2023-11-14T03:52:14Z
usr4343,PushEvent,2023-11-14T01:09:58Z
usr4343,PushEvent,2023-11-14T01:00:55Z
usr4343,PushEvent,2023-11-14T00:56:43Z
usr4343,PushEvent,2023-11-13T13:13:08Z
usr4343,PushEvent,2023-11-13T13:12:44Z
usr4343,PushEvent,2023-11-13T12:38:13Z
usr4343,PushEvent,2023-11-13T12:29:12Z
usr4343,PushEvent,2023-11-13T11:13:40Z
usr4343,PushEvent,2023-11-13T11:08:00Z
usr4343,PushEvent,2023-11-13T08:58:26Z
usr4343,PushEvent,2023-11-13T08:55:26Z
usr4343,PushEvent,2023-11-13T06:06:39Z
usr4343,PushEvent,2023-11-13T04:08:40Z
usr4343,PushEvent,2023-11-13T04:04:56Z
usr4343,CreateEvent,2023-11-13T03:59:42Z
usr4343,CreateEvent,2023-11-13T03:40:42Z
usr4343,PushEvent,2023-11-13T01:41:40Z
usr4343,PushEvent,2023-11-13T01:40:35Z
usr4343,PushEvent,2023-11-13T01:38:34Z
usr4343,WatchEvent,2023-11-10T05:33:16Z
usr4343,WatchEvent,2023-11-10T05:33:15Z
usr4343,WatchEvent,2023-11-10T05:33:05Z
usr4343,WatchEvent,2023-11-05T10:55:19Z
usr4343,WatchEvent,2023-11-05T10:55:17Z
usr4343,WatchEvent,2023-11-05T10:55:15Z
usr4343,CreateEvent,2023-11-02T11:36:30Z
usr4343,PushEvent,2023-11-02T10:59:53Z
usr4343,CreateEvent,2023-11-02T10:39:18Z
usr4343,CreateEvent,2023-11-02T10:39:17Z
usr4343,WatchEvent,2023-10-30T12:14:21Z
usr4343,WatchEvent,2023-10-30T12:14:05Z
usr4343,PushEvent,2023-10-27T03:30:40Z
usr4343,PushEvent,2023-10-25T13:34:52Z
usr4343,PushEvent,2023-10-25T12:58:21Z
usr4343,PushEvent,2023-10-25T11:07:59Z
usr4343,PushEvent,2023-10-25T10:26:10Z
usr4343,CreateEvent,2023-10-25T10:19:38Z
usr4343,CreateEvent,2023-10-25T10:19:36Z
usr4343,WatchEvent,2023-10-18T09:31:04Z
usr4346,PushEvent,2023-11-15T09:51:25Z
usr4346,PushEvent,2023-11-04T18:09:18Z
usr4346,CreateEvent,2023-11-03T19:24:44Z
usr4346,CreateEvent,2023-11-03T17:56:27Z
usr4346,WatchEvent,2023-11-02T21:49:25Z
usr4346,PushEvent,2023-11-02T21:46:38Z
usr4346,PushEvent,2023-11-02T12:15:40Z
usr4346,PushEvent,2023-11-02T07:18:48Z
usr4346,CreateEvent,2023-11-01T11:33:37Z
usr4346,CreateEvent,2023-11-01T11:33:03Z
usr4346,PushEvent,2023-11-01T10:18:16Z
usr4346,PushEvent,2023-11-01T10:10:49Z
usr4346,CreateEvent,2023-10-31T06:12:57Z
usr4346,CreateEvent,2023-10-31T06:11:56Z
usr4346,PushEvent,2023-10-24T08:45:34Z
usr4346,WatchEvent,2023-10-21T06:28:01Z
usr4346,PushEvent,2023-10-18T06:46:13Z
usr4346,PushEvent,2023-10-16T18:43:37Z
usr4346,PushEvent,2023-10-16T18:35:27Z
usr4347,PushEvent,2024-01-14T16:50:16Z
usr4347,MemberEvent,2023-12-28T20:27:45Z
usr4347,PushEvent,2023-12-25T10:02:18Z
usr4347,PushEvent,2023-12-14T00:34:32Z
usr4347,PushEvent,2023-12-10T15:49:00Z
usr4347,PushEvent,2023-11-28T06:33:31Z
usr4347,PushEvent,2023-11-23T16:12:20Z
usr4347,PushEvent,2023-11-13T12:49:39Z
usr4347,PushEvent,2023-10-28T16:53:50Z
usr4348,PushEvent,2024-01-06T09:29:52Z
usr4348,PushEvent,2024-01-06T08:55:19Z
usr4348,PushEvent,2024-01-06T08:50:38Z
usr4348,PushEvent,2024-01-06T08:47:23Z
usr4348,PushEvent,2024-01-06T08:46:07Z
usr4348,PushEvent,2024-01-06T08:42:14Z
usr4348,PushEvent,2024-01-06T07:50:49Z
usr4348,CreateEvent,2024-01-06T07:49:40Z
usr4348,CreateEvent,2024-01-06T07:49:39Z
usr4348,IssuesEvent,2023-12-27T15:38:12Z
usr4348,IssueCommentEvent,2023-12-27T15:38:12Z
usr4348,DeleteEvent,2023-12-27T15:37:06Z
usr4348,PushEvent,2023-12-27T15:37:01Z
usr4348,PullRequestEvent,2023-12-27T15:37:00Z
usr4348,PullRequestEvent,2023-12-27T15:36:25Z
usr4348,PushEvent,2023-12-27T15:33:32Z
usr4348,CreateEvent,2023-12-27T15:28:28Z
usr4348,IssueCommentEvent,2023-12-27T14:33:51Z
usr4348,PushEvent,2023-12-25T07:29:05Z
usr4348,IssuesEvent,2023-12-25T07:22:14Z
usr4348,IssueCommentEvent,2023-12-25T07:22:12Z
usr4348,PushEvent,2023-12-25T07:18:52Z
usr4348,PublicEvent,2023-12-20T18:30:52Z
usr4348,PushEvent,2023-12-20T17:55:50Z
usr4348,PushEvent,2023-12-20T17:54:26Z
usr4348,PushEvent,2023-12-20T17:51:03Z
usr4348,PushEvent,2023-12-20T17:49:15Z
usr4348,PushEvent,2023-12-20T17:48:59Z
usr4348,PushEvent,2023-12-20T17:45:51Z
usr4348,IssuesEvent,2023-12-20T17:34:22Z
usr4348,PushEvent,2023-12-19T07:26:19Z
usr4348,PushEvent,2023-12-19T05:42:36Z
usr4348,PushEvent,2023-12-19T05:41:49Z
usr4348,PushEvent,2023-12-19T05:39:35Z
usr4348,PushEvent,2023-12-18T14:53:06Z
usr4348,PullRequestEvent,2023-12-18T14:53:06Z
usr4348,PushEvent,2023-12-14T08:12:08Z
usr4348,PushEvent,2023-12-14T08:11:39Z
usr4348,PushEvent,2023-12-14T07:52:22Z
usr4348,CreateEvent,2023-12-14T07:20:26Z
usr4348,CreateEvent,2023-12-14T07:20:25Z
usr4348,PublicEvent,2023-10-21T16:08:10Z
usr4348,PushEvent,2023-10-21T15:33:12Z
usr4348,PushEvent,2023-10-21T15:33:09Z
usr4348,PushEvent,2023-10-21T15:33:07Z
usr4348,PushEvent,2023-10-21T15:33:05Z
usr4348,PushEvent,2023-10-21T15:33:04Z
usr4348,PushEvent,2023-10-21T15:33:02Z
usr4348,PushEvent,2023-10-21T15:33:00Z
usr4348,PushEvent,2023-10-21T15:30:03Z
usr4348,PushEvent,2023-10-21T15:29:29Z
usr4348,PushEvent,2023-10-21T15:28:51Z
usr4348,PushEvent,2023-10-21T15:27:48Z
usr4348,PushEvent,2023-10-21T15:19:56Z
usr4348,PushEvent,2023-10-21T15:11:30Z
usr4348,PushEvent,2023-10-21T15:11:02Z
usr4348,PushEvent,2023-10-21T15:10:33Z
usr4348,PushEvent,2023-10-21T15:10:03Z
usr4348,PushEvent,2023-10-21T15:09:06Z
usr4353,PushEvent,2024-01-06T16:41:59Z
usr4353,IssuesEvent,2023-12-29T23:15:51Z
usr4353,IssueCommentEvent,2023-12-29T23:15:51Z
usr4353,IssuesEvent,2023-12-29T23:15:14Z
usr4353,PushEvent,2023-12-16T19:29:42Z
usr4353,PushEvent,2023-11-24T01:57:22Z
usr4353,IssueCommentEvent,2023-11-15T15:59:27Z
usr4353,IssuesEvent,2023-11-15T01:56:41Z
usr4353,IssuesEvent,2023-11-15T01:51:20Z
usr4354,None,None
usr4356,None,None
usr4357,None,None
usr4358,CreateEvent,2024-01-10T17:50:49Z
usr4358,CreateEvent,2024-01-10T17:40:37Z
usr4358,PushEvent,2024-01-10T01:13:58Z
usr4358,PushEvent,2024-01-10T01:13:45Z
usr4358,PushEvent,2024-01-09T23:14:52Z
usr4358,PushEvent,2024-01-09T23:06:57Z
usr4358,PushEvent,2024-01-09T22:52:21Z
usr4358,CreateEvent,2024-01-09T22:17:05Z
usr4358,CreateEvent,2024-01-09T22:17:04Z
usr4358,PushEvent,2024-01-09T18:51:58Z
usr4358,PushEvent,2024-01-09T00:36:16Z
usr4358,PushEvent,2024-01-09T00:27:50Z
usr4358,DeleteEvent,2023-12-25T23:32:25Z
usr4358,CreateEvent,2023-12-25T23:32:23Z
usr4358,CreateEvent,2023-12-25T22:43:27Z
usr4358,CreateEvent,2023-12-25T22:11:08Z
usr4358,PushEvent,2023-12-22T19:44:17Z
usr4358,PushEvent,2023-12-22T19:29:27Z
usr4358,PushEvent,2023-12-21T01:52:13Z
usr4358,PushEvent,2023-12-20T22:54:22Z
usr4358,CreateEvent,2023-10-31T19:46:57Z
usr4358,CreateEvent,2023-10-31T19:38:08Z
usr4358,PushEvent,2023-10-30T20:56:52Z
usr4358,CreateEvent,2023-10-30T20:52:28Z
usr4358,PushEvent,2023-10-30T20:33:37Z
usr4358,PushEvent,2023-10-30T20:22:24Z
usr4358,DeleteEvent,2023-10-30T20:18:35Z
usr4358,CreateEvent,2023-10-30T20:18:33Z
usr4358,PushEvent,2023-10-30T19:52:06Z
usr4358,CreateEvent,2023-10-30T19:47:07Z
usr4358,CreateEvent,2023-10-30T19:47:06Z
usr4359,None,None
usr4360,WatchEvent,2023-11-30T22:04:57Z
usr4360,PushEvent,2023-11-10T09:54:37Z
usr4360,WatchEvent,2023-11-03T13:29:39Z
usr4360,CreateEvent,2023-10-17T19:55:12Z
usr4360,ForkEvent,2023-10-17T19:55:09Z
usr4360,PushEvent,2023-10-17T10:37:24Z
usr4360,PushEvent,2023-10-17T08:15:38Z
usr4361,None,None
usr4362,PushEvent,2024-01-14T16:39:25Z
usr4362,PushEvent,2024-01-13T16:38:55Z
usr4362,PushEvent,2024-01-07T16:32:22Z
usr4362,PushEvent,2023-12-23T10:41:31Z
usr4362,PushEvent,2023-12-17T12:22:12Z
usr4362,PushEvent,2023-11-11T16:31:03Z
usr4362,PushEvent,2023-10-21T16:33:24Z
usr4364,PushEvent,2024-01-15T03:30:08Z
usr4364,PushEvent,2024-01-15T03:19:09Z
usr4364,CreateEvent,2024-01-15T02:49:42Z
usr4364,CreateEvent,2024-01-15T02:47:47Z
usr4364,PushEvent,2024-01-12T20:27:38Z
usr4364,PushEvent,2024-01-11T16:21:14Z
usr4364,PushEvent,2024-01-10T21:08:12Z
usr4364,PushEvent,2024-01-10T20:42:21Z
usr4364,PushEvent,2024-01-10T16:14:12Z
usr4364,PushEvent,2023-12-30T12:52:12Z
usr4364,PushEvent,2023-12-30T00:58:35Z
usr4364,PushEvent,2023-12-29T03:40:58Z
usr4364,PushEvent,2023-12-28T02:04:31Z
usr4364,PushEvent,2023-12-27T01:08:36Z
usr4364,PushEvent,2023-12-27T00:59:43Z
usr4364,PushEvent,2023-12-27T00:47:40Z
usr4364,PushEvent,2023-12-26T21:59:30Z
usr4364,PushEvent,2023-12-26T21:34:33Z
usr4364,PushEvent,2023-12-26T19:17:23Z
usr4364,PushEvent,2023-12-26T19:03:00Z
usr4364,PushEvent,2023-12-26T16:13:41Z
usr4364,PushEvent,2023-12-21T21:18:19Z
usr4364,PushEvent,2023-12-14T20:05:22Z
usr4364,PushEvent,2023-12-14T13:12:10Z
usr4364,PushEvent,2023-12-10T18:11:02Z
usr4364,CreateEvent,2023-12-10T18:04:17Z
usr4364,CreateEvent,2023-12-10T18:03:14Z
usr4364,WatchEvent,2023-11-26T05:13:57Z
usr4364,WatchEvent,2023-11-26T05:13:54Z
usr4365,PushEvent,2024-01-15T22:37:29Z
usr4365,PushEvent,2024-01-15T17:05:41Z
usr4365,PushEvent,2024-01-14T22:50:31Z
usr4365,PushEvent,2024-01-14T22:39:20Z
usr4365,PushEvent,2024-01-14T17:05:10Z
usr4365,PushEvent,2024-01-12T17:12:07Z
usr4365,PushEvent,2024-01-10T17:00:00Z
usr4365,PushEvent,2024-01-03T18:55:49Z
usr4365,PushEvent,2024-01-02T20:05:55Z
usr4365,ForkEvent,2023-12-29T20:15:12Z
usr4365,ForkEvent,2023-12-29T17:43:28Z
usr4365,PushEvent,2023-12-28T14:34:21Z
usr4365,PushEvent,2023-12-27T19:41:20Z
usr4365,PushEvent,2023-12-27T19:34:18Z
usr4365,PushEvent,2023-12-27T18:34:40Z
usr4365,PushEvent,2023-12-27T14:33:44Z
usr4365,PushEvent,2023-12-24T22:43:06Z
usr4365,CreateEvent,2023-12-24T22:41:53Z
usr4365,CreateEvent,2023-12-24T22:41:50Z
usr4365,DeleteEvent,2023-12-24T22:37:31Z
usr4365,PushEvent,2023-12-24T22:34:49Z
usr4365,PullRequestEvent,2023-12-24T22:34:48Z
usr4365,PullRequestEvent,2023-12-24T22:32:49Z
usr4365,CreateEvent,2023-12-24T22:32:20Z
usr4365,PushEvent,2023-12-24T20:05:15Z
usr4365,PushEvent,2023-12-14T21:29:10Z
usr4365,PushEvent,2023-12-14T21:04:26Z
usr4365,PushEvent,2023-12-14T21:01:54Z
usr4365,PushEvent,2023-12-14T20:50:16Z
usr4365,PushEvent,2023-12-14T20:42:34Z
usr4365,PushEvent,2023-12-14T19:36:15Z
usr4365,PushEvent,2023-12-13T16:08:53Z
usr4365,PushEvent,2023-12-12T13:27:40Z
usr4365,PushEvent,2023-12-12T13:25:26Z
usr4365,PushEvent,2023-12-12T13:12:03Z
usr4365,PushEvent,2023-12-11T20:35:41Z
usr4365,PushEvent,2023-12-11T20:12:52Z
usr4365,PushEvent,2023-12-10T20:05:45Z
usr4365,PushEvent,2023-12-10T19:57:11Z
usr4365,PushEvent,2023-12-10T19:48:23Z
usr4365,CreateEvent,2023-12-10T16:58:31Z
usr4365,CreateEvent,2023-12-10T16:58:30Z
usr4365,PushEvent,2023-12-10T16:57:33Z
usr4365,PushEvent,2023-12-10T16:49:12Z
usr4365,CreateEvent,2023-12-10T16:47:44Z
usr4365,CreateEvent,2023-12-10T16:47:43Z
usr4365,PushEvent,2023-12-10T16:30:44Z
usr4365,CreateEvent,2023-12-10T16:29:50Z
usr4365,CreateEvent,2023-12-10T16:29:49Z
usr4365,DeleteEvent,2023-12-07T22:25:33Z
usr4365,PushEvent,2023-12-07T22:25:28Z
usr4365,PullRequestEvent,2023-12-07T22:25:28Z
usr4365,PullRequestEvent,2023-12-07T22:25:21Z
usr4365,CreateEvent,2023-12-07T22:25:08Z
usr4365,DeleteEvent,2023-12-07T22:12:46Z
usr4365,PushEvent,2023-12-07T22:12:41Z
usr4365,PullRequestEvent,2023-12-07T22:12:41Z
usr4365,PullRequestEvent,2023-12-07T22:12:35Z
usr4365,CreateEvent,2023-12-07T22:12:20Z
usr4365,DeleteEvent,2023-12-07T22:02:24Z
usr4365,PushEvent,2023-12-07T22:01:54Z
usr4365,PullRequestEvent,2023-12-07T22:01:54Z
usr4365,PullRequestEvent,2023-12-07T22:01:46Z
usr4365,CreateEvent,2023-12-07T22:01:09Z
usr4365,DeleteEvent,2023-12-07T21:27:43Z
usr4365,DeleteEvent,2023-12-07T21:27:41Z
usr4365,PushEvent,2023-12-07T21:25:23Z
usr4365,PullRequestEvent,2023-12-07T21:25:23Z
usr4365,PullRequestEvent,2023-12-07T21:24:43Z
usr4365,CreateEvent,2023-12-07T21:24:25Z
usr4365,PushEvent,2023-12-07T21:03:15Z
usr4365,PullRequestEvent,2023-12-07T21:03:15Z
usr4365,PullRequestEvent,2023-12-07T21:03:06Z
usr4365,CreateEvent,2023-12-07T21:02:11Z
usr4365,PushEvent,2023-12-07T19:57:04Z
usr4365,CreateEvent,2023-12-07T19:54:43Z
usr4365,CreateEvent,2023-12-07T19:54:43Z
usr4365,PushEvent,2023-11-28T05:33:29Z
usr4365,PullRequestEvent,2023-11-28T05:15:20Z
usr4365,PullRequestEvent,2023-11-27T20:26:27Z
usr4365,PushEvent,2023-11-27T20:18:23Z
usr4365,PushEvent,2023-11-27T20:16:41Z
usr4365,PushEvent,2023-11-27T20:15:49Z
usr4365,PushEvent,2023-11-27T19:16:02Z
usr4365,PushEvent,2023-11-27T17:26:52Z
usr4365,PullRequestEvent,2023-11-27T17:26:50Z
usr4365,PullRequestEvent,2023-11-27T17:26:44Z
usr4365,PushEvent,2023-11-27T17:23:29Z
usr4365,PushEvent,2023-11-27T17:16:34Z
usr4365,PushEvent,2023-11-27T16:44:10Z
usr4365,PushEvent,2023-11-27T13:10:20Z
usr4365,PushEvent,2023-11-25T13:59:57Z
usr4365,CreateEvent,2023-11-25T13:57:22Z
usr4365,PullRequestEvent,2023-11-19T20:54:39Z
usr4365,PullRequestEvent,2023-11-19T20:54:18Z
usr4365,PushEvent,2023-11-19T18:07:35Z
usr4365,PushEvent,2023-11-19T18:03:25Z
usr4365,PullRequestEvent,2023-11-17T14:25:31Z
usr4365,PushEvent,2023-11-17T14:24:07Z
usr4365,PushEvent,2023-11-17T14:14:58Z
usr4365,CreateEvent,2023-11-17T14:06:39Z
usr4365,CreateEvent,2023-11-17T14:03:11Z
usr4365,CreateEvent,2023-11-17T14:03:09Z
usr4365,PushEvent,2023-11-17T14:00:28Z
usr4365,PushEvent,2023-11-16T21:58:18Z
usr4365,PushEvent,2023-11-16T21:56:14Z
usr4365,PushEvent,2023-11-16T21:53:23Z
usr4365,PushEvent,2023-11-16T21:52:23Z
usr4365,PushEvent,2023-11-16T21:32:08Z
usr4365,CreateEvent,2023-11-16T21:22:19Z
usr4365,WatchEvent,2023-11-16T21:21:39Z
usr4365,CreateEvent,2023-11-16T21:12:20Z
usr4365,CreateEvent,2023-11-16T21:12:19Z
usr4365,CreateEvent,2023-11-16T21:06:50Z
usr4365,CreateEvent,2023-11-16T21:06:48Z
usr4365,PushEvent,2023-11-15T18:30:40Z
usr4365,PullRequestEvent,2023-11-15T18:30:12Z
usr4365,CreateEvent,2023-11-15T18:29:59Z
usr4365,PushEvent,2023-11-15T17:17:22Z
usr4365,CreateEvent,2023-11-15T16:49:41Z
usr4365,CreateEvent,2023-11-15T16:49:40Z
usr4365,CreateEvent,2023-11-15T16:28:34Z
usr4365,PushEvent,2023-11-15T16:20:55Z
usr4365,PullRequestEvent,2023-11-15T16:20:55Z
usr4365,PullRequestEvent,2023-11-15T16:17:19Z
usr4365,CreateEvent,2023-11-15T16:14:29Z
usr4365,PushEvent,2023-11-15T15:11:32Z
usr4365,CreateEvent,2023-11-15T15:06:46Z
usr4365,CreateEvent,2023-11-15T15:06:46Z
usr4365,PullRequestEvent,2023-11-13T21:56:19Z
usr4365,CreateEvent,2023-11-13T21:55:55Z
usr4365,PushEvent,2023-11-13T21:51:26Z
usr4365,CreateEvent,2023-11-13T21:19:13Z
usr4365,CreateEvent,2023-11-13T21:19:12Z
usr4365,PushEvent,2023-11-08T18:29:05Z
usr4365,PushEvent,2023-11-08T18:20:22Z
usr4365,CreateEvent,2023-11-08T17:34:51Z
usr4365,CreateEvent,2023-11-08T17:34:51Z
usr4367,None,None
usr4368,None,None
usr4369,IssuesEvent,2024-01-03T13:01:51Z
usr4370,None,None
usr4371,CreateEvent,2023-12-27T15:08:39Z
usr4371,CreateEvent,2023-12-27T15:07:05Z
usr4371,DeleteEvent,2023-12-17T13:47:43Z
usr4371,PushEvent,2023-12-17T13:47:17Z
usr4371,CreateEvent,2023-12-17T13:47:07Z
usr4371,IssueCommentEvent,2023-12-14T16:29:39Z
usr4371,IssuesEvent,2023-12-14T16:29:38Z
usr4371,IssueCommentEvent,2023-12-14T16:29:26Z
usr4371,IssuesEvent,2023-12-14T16:29:25Z
usr4371,IssueCommentEvent,2023-12-14T16:29:05Z
usr4371,IssuesEvent,2023-12-14T16:28:59Z
usr4371,CreateEvent,2023-12-13T19:30:29Z
usr4371,PushEvent,2023-12-12T13:48:16Z
usr4371,PushEvent,2023-12-12T00:58:48Z
usr4371,CreateEvent,2023-12-12T00:11:57Z
usr4371,PushEvent,2023-12-11T23:10:32Z
usr4371,PushEvent,2023-12-11T22:37:24Z
usr4371,PushEvent,2023-12-11T22:25:21Z
usr4371,PushEvent,2023-12-11T19:47:27Z
usr4371,PushEvent,2023-12-11T17:51:31Z
usr4371,PushEvent,2023-12-11T17:15:02Z
usr4371,PushEvent,2023-12-11T17:12:34Z
usr4371,PushEvent,2023-12-11T15:32:28Z
usr4371,PushEvent,2023-12-11T15:29:37Z
usr4371,PushEvent,2023-12-11T11:06:50Z
usr4371,PushEvent,2023-12-11T00:16:29Z
usr4371,PushEvent,2023-12-10T18:10:56Z
usr4371,PushEvent,2023-12-10T17:40:18Z
usr4371,PushEvent,2023-12-10T17:29:24Z
usr4371,PushEvent,2023-12-10T15:52:38Z
usr4371,PushEvent,2023-12-10T14:30:30Z
usr4371,PushEvent,2023-12-09T23:21:06Z
usr4371,PushEvent,2023-12-09T23:14:25Z
usr4371,PushEvent,2023-12-09T22:57:45Z
usr4371,PushEvent,2023-12-09T20:08:46Z
usr4371,PushEvent,2023-12-09T20:08:04Z
usr4371,PushEvent,2023-12-08T23:24:16Z
usr4371,PushEvent,2023-12-08T19:48:38Z
usr4371,PushEvent,2023-12-08T19:00:52Z
usr4371,PushEvent,2023-12-08T18:08:13Z
usr4371,PushEvent,2023-12-08T17:59:14Z
usr4371,PushEvent,2023-12-07T22:44:11Z
usr4371,PushEvent,2023-12-07T18:48:44Z
usr4371,PushEvent,2023-12-06T21:03:43Z
usr4371,PushEvent,2023-12-06T18:51:32Z
usr4371,PushEvent,2023-12-05T12:21:21Z
usr4371,PushEvent,2023-12-05T12:10:09Z
usr4371,PushEvent,2023-12-04T19:06:54Z
usr4371,PushEvent,2023-12-04T17:43:29Z
usr4371,PushEvent,2023-12-04T17:36:32Z
usr4371,PushEvent,2023-12-04T17:30:28Z
usr4371,PushEvent,2023-12-04T17:03:22Z
usr4371,PushEvent,2023-12-04T16:51:27Z
usr4371,PushEvent,2023-12-04T16:38:13Z
usr4371,PushEvent,2023-12-04T12:14:08Z
usr4371,PushEvent,2023-12-04T11:33:39Z
usr4371,PushEvent,2023-12-04T11:26:26Z
usr4371,PushEvent,2023-12-04T11:22:45Z
usr4371,IssuesEvent,2023-12-04T10:40:16Z
usr4371,IssuesEvent,2023-12-04T10:38:27Z
usr4371,IssueCommentEvent,2023-12-04T10:37:55Z
usr4371,PushEvent,2023-12-04T10:36:55Z
usr4371,PushEvent,2023-12-04T09:54:37Z
usr4371,CreateEvent,2023-12-04T09:53:03Z
usr4371,PushEvent,2023-12-04T09:43:20Z
usr4371,PushEvent,2023-12-03T23:24:41Z
usr4371,PushEvent,2023-12-03T22:50:20Z
usr4371,CommitCommentEvent,2023-12-03T22:02:23Z
usr4371,PushEvent,2023-12-03T21:59:55Z
usr4371,PushEvent,2023-12-03T13:02:49Z
usr4371,CreateEvent,2023-12-03T13:00:01Z
usr4371,PushEvent,2023-12-03T12:43:40Z
usr4371,IssuesEvent,2023-12-03T12:41:16Z
usr4371,IssuesEvent,2023-12-03T12:38:31Z
usr4371,PullRequestEvent,2023-12-03T12:33:24Z
usr4371,PushEvent,2023-12-03T12:31:54Z
usr4371,CreateEvent,2023-12-03T12:30:15Z
usr4371,CreateEvent,2023-12-03T12:22:44Z
usr4371,CreateEvent,2023-12-03T12:15:12Z
usr4372,None,None
usr4373,PushEvent,2023-11-06T16:48:12Z
usr4373,PushEvent,2023-11-06T16:46:33Z
usr4373,CreateEvent,2023-11-06T16:38:18Z
usr4373,CreateEvent,2023-11-06T16:38:17Z
usr4373,CreateEvent,2023-11-06T16:36:44Z
usr4373,CreateEvent,2023-11-06T16:35:07Z
usr4373,DeleteEvent,2023-11-06T15:14:23Z
usr4373,CreateEvent,2023-11-06T15:14:23Z
usr4373,CreateEvent,2023-11-06T15:13:27Z
usr4373,DeleteEvent,2023-11-06T15:13:28Z
usr4373,PushEvent,2023-11-06T14:59:48Z
usr4373,PushEvent,2023-11-06T14:58:30Z
usr4373,CreateEvent,2023-11-06T14:47:02Z
usr4373,CreateEvent,2023-11-05T23:30:03Z
usr4373,CreateEvent,2023-11-05T23:28:26Z
usr4373,CreateEvent,2023-11-05T23:13:45Z
usr4373,CreateEvent,2023-11-05T23:13:46Z
usr4376,None,None
usr4377,WatchEvent,2023-12-29T13:29:45Z
usr4377,WatchEvent,2023-12-06T22:01:42Z
usr4377,WatchEvent,2023-11-20T01:40:12Z
usr4377,WatchEvent,2023-11-06T18:48:10Z
usr4377,WatchEvent,2023-11-01T05:02:24Z
usr4377,DeleteEvent,2023-10-20T18:15:50Z
usr4377,PushEvent,2023-10-20T18:15:50Z
usr4377,PullRequestEvent,2023-10-20T18:15:49Z
usr4377,PullRequestEvent,2023-10-20T18:15:28Z
usr4377,CreateEvent,2023-10-20T18:14:39Z
usr4377,PushEvent,2023-10-19T17:12:10Z
usr4377,CreateEvent,2023-10-19T17:12:11Z
usr4377,DeleteEvent,2023-10-19T17:11:06Z
usr4377,CreateEvent,2023-10-19T16:17:15Z
usr4377,PushEvent,2023-10-19T16:17:14Z
usr4377,DeleteEvent,2023-10-19T16:16:27Z
usr4377,PushEvent,2023-10-19T16:13:12Z
usr4377,PushEvent,2023-10-19T16:04:00Z
usr4377,DeleteEvent,2023-10-19T15:46:13Z
usr4377,DeleteEvent,2023-10-19T15:46:08Z
usr4377,DeleteEvent,2023-10-19T05:28:49Z
usr4378,WatchEvent,2023-12-12T01:02:42Z
usr4381,PushEvent,2023-10-18T20:40:25Z
usr4381,PushEvent,2023-10-18T20:21:42Z
usr4381,CreateEvent,2023-10-18T19:57:26Z
usr4381,CreateEvent,2023-10-18T19:57:26Z
usr4383,PullRequestEvent,2024-01-08T13:04:41Z
usr4383,PushEvent,2024-01-08T13:03:55Z
usr4383,CreateEvent,2024-01-08T12:59:18Z
usr4383,PushEvent,2024-01-08T12:57:36Z
usr4383,PushEvent,2024-01-04T18:52:08Z
usr4383,PushEvent,2024-01-03T13:48:46Z
usr4383,IssueCommentEvent,2024-01-03T13:38:19Z
usr4383,PushEvent,2024-01-03T13:37:21Z
usr4383,CreateEvent,2024-01-03T07:40:37Z
usr4383,CreateEvent,2024-01-03T07:40:35Z
usr4383,ForkEvent,2024-01-02T09:52:24Z
usr4383,PullRequestEvent,2023-12-21T14:51:56Z
usr4383,PushEvent,2023-12-21T14:51:17Z
usr4383,CreateEvent,2023-12-21T14:17:48Z
usr4383,ForkEvent,2023-12-21T14:17:19Z
usr4383,CreateEvent,2023-12-17T14:25:12Z
usr4383,CreateEvent,2023-12-17T14:25:11Z
usr4383,ForkEvent,2023-12-17T14:19:36Z
usr4383,ForkEvent,2023-11-27T18:00:41Z
usr4383,WatchEvent,2023-11-27T18:00:35Z
usr4383,ForkEvent,2023-11-18T23:36:33Z
usr4383,ForkEvent,2023-11-02T16:40:29Z
usr4383,PushEvent,2023-10-24T11:46:24Z
usr4385,PushEvent,2023-11-03T16:56:54Z
usr4385,PushEvent,2023-11-03T16:48:24Z
usr4385,PushEvent,2023-10-20T19:42:23Z
usr4385,CreateEvent,2023-10-20T17:14:52Z
usr4385,CreateEvent,2023-10-20T17:14:49Z
usr4386,WatchEvent,2023-11-01T16:53:27Z
usr4387,ForkEvent,2023-10-24T08:43:20Z
usr4387,CreateEvent,2023-10-21T17:55:10Z
usr4387,CommitCommentEvent,2023-10-21T17:52:37Z
usr4387,CommitCommentEvent,2023-10-21T17:51:56Z
usr4387,PushEvent,2023-10-21T17:49:56Z
usr4390,PushEvent,2024-01-16T23:58:19Z
usr4390,PullRequestEvent,2024-01-16T23:58:19Z
usr4390,PullRequestEvent,2024-01-16T23:58:10Z
usr4390,PushEvent,2024-01-16T23:56:58Z
usr4390,PushEvent,2024-01-15T23:17:38Z
usr4390,PushEvent,2024-01-15T17:17:37Z
usr4390,PushEvent,2024-01-15T17:08:45Z
usr4390,PushEvent,2024-01-14T23:53:02Z
usr4390,PullRequestEvent,2024-01-14T23:53:01Z
usr4390,PullRequestEvent,2024-01-14T23:52:54Z
usr4390,PushEvent,2024-01-14T23:52:02Z
usr4390,PushEvent,2024-01-14T23:51:02Z
usr4390,PushEvent,2024-01-14T22:14:58Z
usr4390,PushEvent,2024-01-14T11:21:02Z
usr4390,PushEvent,2024-01-13T21:33:02Z
usr4390,PullRequestEvent,2024-01-13T21:33:01Z
usr4390,PullRequestEvent,2024-01-13T21:30:29Z
usr4390,PushEvent,2024-01-13T21:30:28Z
usr4390,PullRequestEvent,2024-01-13T21:22:19Z
usr4390,PullRequestEvent,2024-01-13T21:18:45Z
usr4390,PushEvent,2024-01-13T21:02:18Z
usr4390,PullRequestEvent,2024-01-13T20:32:56Z
usr4390,PullRequestEvent,2024-01-13T12:23:25Z
usr4390,CreateEvent,2024-01-13T12:22:16Z
usr4390,PushEvent,2024-01-13T12:16:15Z
usr4390,PushEvent,2024-01-12T23:57:54Z
usr4390,PullRequestEvent,2024-01-12T23:57:53Z
usr4390,IssueCommentEvent,2024-01-12T23:57:51Z
usr4390,PullRequestEvent,2024-01-12T23:57:26Z
usr4390,PushEvent,2024-01-12T23:57:01Z
usr4390,PushEvent,2024-01-12T23:29:02Z
usr4390,PushEvent,2024-01-11T23:43:23Z
usr4390,PushEvent,2024-01-11T23:35:37Z
usr4390,PullRequestEvent,2024-01-11T23:35:36Z
usr4390,PullRequestEvent,2024-01-11T23:35:17Z
usr4390,PushEvent,2024-01-11T23:33:15Z
usr4390,PushEvent,2024-01-11T14:29:42Z
usr4390,PushEvent,2024-01-11T07:39:19Z
usr4390,PushEvent,2024-01-11T07:33:55Z
usr4390,PushEvent,2024-01-11T07:30:34Z
usr4390,PushEvent,2024-01-11T07:20:04Z
usr4390,PushEvent,2024-01-11T07:18:42Z
usr4390,PushEvent,2024-01-11T07:17:48Z
usr4390,PushEvent,2024-01-10T23:46:32Z
usr4390,PushEvent,2024-01-10T23:15:03Z
usr4390,PullRequestEvent,2024-01-10T23:15:02Z
usr4390,PullRequestEvent,2024-01-10T23:14:36Z
usr4390,PushEvent,2024-01-10T23:13:19Z
usr4390,PushEvent,2024-01-10T23:10:11Z
usr4390,PushEvent,2024-01-09T16:21:29Z
usr4390,PushEvent,2024-01-09T15:58:11Z
usr4390,PullRequestEvent,2024-01-09T15:58:11Z
usr4390,PushEvent,2024-01-09T15:52:38Z
usr4390,PullRequestEvent,2024-01-09T15:47:23Z
usr4390,PushEvent,2024-01-09T15:44:22Z
usr4390,PullRequestEvent,2024-01-09T15:44:22Z
usr4390,PullRequestEvent,2024-01-09T15:43:28Z
usr4390,PushEvent,2024-01-09T15:24:38Z
usr4390,PushEvent,2024-01-09T12:24:55Z
usr4390,PushEvent,2024-01-08T18:30:19Z
usr4390,PushEvent,2024-01-07T22:22:16Z
usr4390,PushEvent,2024-01-07T21:21:43Z
usr4390,PushEvent,2024-01-06T23:19:23Z
usr4390,PushEvent,2024-01-06T15:47:19Z
usr4390,PushEvent,2024-01-06T10:09:51Z
usr4390,PushEvent,2024-01-05T23:59:36Z
usr4390,PushEvent,2024-01-05T23:11:38Z
usr4390,PullRequestEvent,2024-01-05T23:11:37Z
usr4390,PullRequestEvent,2024-01-05T23:11:21Z
usr4390,PushEvent,2024-01-05T23:10:33Z
usr4390,PushEvent,2024-01-05T19:53:52Z
usr4390,PushEvent,2024-01-04T17:19:06Z
usr4390,PullRequestEvent,2024-01-04T17:14:41Z
usr4390,PushEvent,2024-01-04T17:06:18Z
usr4390,PullRequestEvent,2024-01-04T17:06:17Z
usr4390,PushEvent,2024-01-04T17:05:19Z
usr4390,PullRequestEvent,2024-01-04T16:56:27Z
usr4390,PushEvent,2024-01-04T16:51:52Z
usr4390,PushEvent,2024-01-04T12:56:09Z
usr4390,PullRequestEvent,2024-01-04T12:56:08Z
usr4390,PushEvent,2024-01-04T12:55:18Z
usr4390,PullRequestEvent,2024-01-04T12:53:54Z
usr4390,PushEvent,2024-01-04T10:58:02Z
usr4390,PushEvent,2024-01-04T10:56:42Z
usr4390,PushEvent,2024-01-03T20:58:07Z
usr4390,PushEvent,2024-01-03T20:50:28Z
usr4390,PushEvent,2024-01-03T20:36:31Z
usr4390,PushEvent,2024-01-03T18:57:48Z
usr4390,PushEvent,2024-01-03T17:42:22Z
usr4390,PushEvent,2024-01-02T20:37:32Z
usr4390,PushEvent,2024-01-02T17:33:40Z
usr4390,PushEvent,2024-01-02T17:17:54Z
usr4390,PushEvent,2024-01-02T17:14:16Z
usr4390,PushEvent,2024-01-02T17:10:08Z
usr4390,PushEvent,2024-01-01T21:35:26Z
usr4390,CreateEvent,2024-01-01T21:14:07Z
usr4390,CreateEvent,2024-01-01T21:12:36Z
usr4390,PushEvent,2023-12-31T13:29:02Z
usr4390,PushEvent,2023-12-31T13:11:14Z
usr4390,PullRequestEvent,2023-12-31T13:11:13Z
usr4390,PullRequestEvent,2023-12-31T13:11:02Z
usr4390,PushEvent,2023-12-31T13:08:18Z
usr4390,PushEvent,2023-12-30T20:26:24Z
usr4390,PushEvent,2023-12-30T20:14:41Z
usr4390,PushEvent,2023-12-30T20:10:23Z
usr4390,PullRequestEvent,2023-12-30T20:10:22Z
usr4390,PushEvent,2023-12-30T20:09:31Z
usr4390,PullRequestEvent,2023-12-30T20:07:19Z
usr4390,PushEvent,2023-12-30T20:05:06Z
usr4390,CreateEvent,2023-12-30T16:48:45Z
usr4390,PushEvent,2023-12-30T16:29:30Z
usr4390,CreateEvent,2023-12-29T23:41:43Z
usr4390,PushEvent,2023-12-29T22:54:46Z
usr4390,PullRequestEvent,2023-12-29T22:54:45Z
usr4390,PullRequestEvent,2023-12-29T22:54:33Z
usr4390,PushEvent,2023-12-29T22:50:53Z
usr4390,PushEvent,2023-12-29T22:20:06Z
usr4390,PushEvent,2023-12-29T21:05:59Z
usr4390,PullRequestEvent,2023-12-29T21:05:59Z
usr4390,PullRequestEvent,2023-12-29T21:05:40Z
usr4390,PushEvent,2023-12-29T21:03:27Z
usr4390,CreateEvent,2023-12-29T19:53:01Z
usr4390,PushEvent,2023-12-29T19:27:23Z
usr4390,PullRequestEvent,2023-12-29T19:27:23Z
usr4390,PullRequestEvent,2023-12-29T19:26:32Z
usr4390,PushEvent,2023-12-29T19:24:21Z
usr4390,CreateEvent,2023-12-29T18:51:23Z
usr4390,PushEvent,2023-12-29T16:23:32Z
usr4390,PullRequestEvent,2023-12-29T16:23:31Z
usr4390,PullRequestEvent,2023-12-29T16:23:20Z
usr4390,PushEvent,2023-12-29T16:20:46Z
usr4390,PushEvent,2023-12-29T12:03:07Z
usr4390,PullRequestEvent,2023-12-29T12:03:06Z
usr4390,PullRequestEvent,2023-12-29T12:02:24Z
usr4390,PushEvent,2023-12-28T15:32:41Z
usr4390,PushEvent,2023-12-27T22:46:33Z
usr4390,PushEvent,2023-12-27T13:57:55Z
usr4390,CreateEvent,2023-12-27T11:15:11Z
usr4390,PushEvent,2023-12-26T20:36:53Z
usr4390,PushEvent,2023-12-26T20:33:41Z
usr4390,PushEvent,2023-12-25T13:00:09Z
usr4390,PushEvent,2023-12-24T14:57:35Z
usr4390,PushEvent,2023-12-24T13:06:51Z
usr4390,PushEvent,2023-12-24T02:22:30Z
usr4390,PushEvent,2023-12-23T23:23:44Z
usr4390,PushEvent,2023-12-23T11:45:01Z
usr4390,PushEvent,2023-12-22T17:43:36Z
usr4390,PushEvent,2023-12-22T11:25:05Z
usr4390,PushEvent,2023-12-21T20:03:27Z
usr4390,PushEvent,2023-12-20T23:42:54Z
usr4390,PushEvent,2023-12-20T23:21:43Z
usr4390,PushEvent,2023-12-20T21:22:53Z
usr4390,PushEvent,2023-12-20T20:49:16Z
usr4390,PushEvent,2023-12-19T22:34:06Z
usr4390,PushEvent,2023-12-19T21:54:37Z
usr4390,PushEvent,2023-12-18T11:30:22Z
usr4390,PushEvent,2023-12-18T09:54:27Z
usr4390,PushEvent,2023-12-17T23:52:49Z
usr4390,PushEvent,2023-12-17T22:40:32Z
usr4390,PushEvent,2023-12-16T18:32:37Z
usr4390,PushEvent,2023-12-15T18:47:18Z
usr4390,PushEvent,2023-12-14T18:23:16Z
usr4390,PushEvent,2023-12-13T17:54:53Z
usr4390,PushEvent,2023-12-13T17:53:35Z
usr4390,PushEvent,2023-12-13T12:28:15Z
usr4390,PushEvent,2023-12-12T17:18:48Z
usr4390,IssueCommentEvent,2023-12-12T10:48:01Z
usr4390,PushEvent,2023-12-12T09:45:08Z
usr4390,PushEvent,2023-12-12T00:16:25Z
usr4390,PushEvent,2023-12-10T17:59:27Z
usr4390,PushEvent,2023-12-10T14:58:19Z
usr4390,PushEvent,2023-12-10T11:16:18Z
usr4390,IssueCommentEvent,2023-12-10T11:03:16Z
usr4390,IssuesEvent,2023-12-10T08:10:35Z
usr4390,CreateEvent,2023-12-10T06:22:06Z
usr4390,PushEvent,2023-12-09T23:45:26Z
usr4390,PushEvent,2023-12-08T21:06:24Z
usr4390,IssueCommentEvent,2023-12-08T20:24:28Z
usr4390,PushEvent,2023-12-08T20:21:42Z
usr4390,PushEvent,2023-12-07T22:51:57Z
usr4390,PushEvent,2023-12-07T15:31:04Z
usr4390,PushEvent,2023-12-07T08:32:26Z
usr4390,IssueCommentEvent,2023-12-06T07:35:27Z
usr4390,PushEvent,2023-12-06T00:18:11Z
usr4390,IssueCommentEvent,2023-12-05T10:49:17Z
usr4390,PushEvent,2023-12-05T10:47:26Z
usr4390,IssueCommentEvent,2023-12-05T09:32:46Z
usr4390,IssueCommentEvent,2023-12-03T16:58:30Z
usr4390,PushEvent,2023-12-01T17:13:50Z
usr4390,PushEvent,2023-12-01T16:44:17Z
usr4390,PushEvent,2023-12-01T16:20:33Z
usr4390,PushEvent,2023-12-01T15:00:26Z
usr4390,PushEvent,2023-12-01T11:49:23Z
usr4390,PushEvent,2023-12-01T11:32:22Z
usr4390,PushEvent,2023-12-01T11:11:41Z
usr4390,PushEvent,2023-11-30T20:36:14Z
usr4390,WatchEvent,2023-11-29T14:23:09Z
usr4390,PushEvent,2023-11-29T14:17:21Z
usr4390,PushEvent,2023-11-29T11:04:56Z
usr4390,PushEvent,2023-11-28T17:56:35Z
usr4390,PushEvent,2023-11-28T16:53:03Z
usr4390,PushEvent,2023-11-28T14:52:43Z
usr4390,PushEvent,2023-11-28T08:37:46Z
usr4390,PushEvent,2023-11-27T17:45:15Z
usr4390,PushEvent,2023-11-27T13:17:15Z
usr4390,PushEvent,2023-11-27T09:43:28Z
usr4390,PushEvent,2023-11-26T23:35:39Z
usr4390,PushEvent,2023-11-25T17:51:30Z
usr4390,PushEvent,2023-11-24T22:42:17Z
usr4390,PushEvent,2023-11-24T20:48:28Z
usr4390,PushEvent,2023-11-24T15:30:17Z
usr4390,PushEvent,2023-11-24T05:58:51Z
usr4390,PushEvent,2023-11-23T22:39:11Z
usr4390,PushEvent,2023-11-22T18:59:47Z
usr4390,PushEvent,2023-11-21T10:05:27Z
usr4390,PullRequestEvent,2023-11-21T08:38:06Z
usr4390,CreateEvent,2023-11-21T00:41:16Z
usr4390,PushEvent,2023-11-20T10:53:44Z
usr4390,PushEvent,2023-11-20T09:38:51Z
usr4390,PushEvent,2023-11-19T23:54:48Z
usr4390,PushEvent,2023-11-19T23:34:58Z
usr4390,PushEvent,2023-11-18T10:30:53Z
usr4390,PushEvent,2023-11-18T01:10:58Z
usr4390,PushEvent,2023-11-17T23:47:25Z
usr4390,PushEvent,2023-11-17T23:46:51Z
usr4390,PushEvent,2023-11-16T22:59:32Z
usr4390,PushEvent,2023-11-16T22:58:17Z
usr4390,PushEvent,2023-11-16T21:03:19Z
usr4390,PushEvent,2023-11-16T15:22:39Z
usr4390,CreateEvent,2023-11-16T10:55:27Z
usr4390,CreateEvent,2023-11-16T10:52:28Z
usr4390,ForkEvent,2023-11-16T10:29:13Z
usr4390,PushEvent,2023-11-16T10:03:57Z
usr4390,PushEvent,2023-11-16T09:43:48Z
usr4390,PushEvent,2023-11-15T15:08:42Z
usr4390,PushEvent,2023-11-15T13:23:57Z
usr4390,PushEvent,2023-11-15T00:08:47Z
usr4390,PushEvent,2023-11-14T23:11:36Z
usr4390,PushEvent,2023-11-13T23:55:19Z
usr4390,PushEvent,2023-11-11T00:24:20Z
usr4390,PushEvent,2023-11-11T00:00:14Z
usr4390,PushEvent,2023-11-10T17:13:11Z
usr4390,PushEvent,2023-11-10T16:20:42Z
usr4390,PushEvent,2023-11-10T15:59:06Z
usr4390,PushEvent,2023-11-09T23:23:06Z
usr4390,PushEvent,2023-11-08T14:06:26Z
usr4390,PushEvent,2023-11-08T11:00:36Z
usr4390,PushEvent,2023-11-07T22:44:09Z
usr4390,PushEvent,2023-11-07T22:40:15Z
usr4390,PushEvent,2023-11-07T22:38:53Z
usr4390,PushEvent,2023-11-07T22:31:21Z
usr4390,PushEvent,2023-11-07T22:26:52Z
usr4390,PushEvent,2023-11-07T22:24:36Z
usr4390,PushEvent,2023-11-07T22:07:38Z
usr4390,PushEvent,2023-11-06T17:24:49Z
usr4390,PushEvent,2023-11-05T10:51:40Z
usr4390,PushEvent,2023-11-04T01:40:37Z
usr4390,PushEvent,2023-11-03T23:14:11Z
usr4390,PushEvent,2023-11-02T01:03:39Z
usr4390,PushEvent,2023-11-01T23:42:03Z
usr4390,PushEvent,2023-10-31T15:39:19Z
usr4390,PushEvent,2023-10-30T17:33:31Z
usr4390,PushEvent,2023-10-30T08:18:28Z
usr4390,PushEvent,2023-10-29T22:59:39Z
usr4390,CreateEvent,2023-10-28T16:34:15Z
usr4390,CreateEvent,2023-10-28T16:30:52Z
usr4390,PushEvent,2023-10-27T17:07:04Z
usr4390,PushEvent,2023-10-25T23:05:06Z
usr4390,PushEvent,2023-10-25T12:51:01Z
usr4390,PushEvent,2023-10-24T17:57:38Z
usr4390,PushEvent,2023-10-23T23:20:41Z
usr4390,PushEvent,2023-10-23T15:34:55Z
usr4390,PushEvent,2023-10-22T17:22:24Z
usr4390,PushEvent,2023-10-22T14:38:16Z
usr4390,PushEvent,2023-10-22T10:27:04Z
usr4390,PushEvent,2023-10-21T22:18:59Z
usr4390,PushEvent,2023-10-21T21:58:25Z
usr4390,PushEvent,2023-10-21T10:08:07Z
usr4390,CreateEvent,2023-10-20T15:42:09Z
usr4390,CreateEvent,2023-10-20T15:40:18Z
usr4390,CreateEvent,2023-10-20T15:39:12Z
usr4390,CreateEvent,2023-10-20T15:21:40Z
usr4390,PushEvent,2023-10-20T13:52:40Z
usr4390,PushEvent,2023-10-19T11:10:20Z
usr4390,IssueCommentEvent,2023-10-18T16:02:31Z
usr4390,IssueCommentEvent,2023-10-18T15:27:16Z
usr4390,IssuesEvent,2023-10-18T15:10:12Z
usr4393,CreateEvent,2023-11-11T21:46:51Z
usr4393,CreateEvent,2023-11-11T21:38:32Z
usr4395,ForkEvent,2023-11-05T05:50:51Z
usr4395,PushEvent,2023-11-04T19:20:13Z
usr4395,PushEvent,2023-11-04T13:08:45Z
usr4395,PushEvent,2023-11-04T13:04:19Z
usr4395,PushEvent,2023-11-04T07:03:19Z
usr4395,PushEvent,2023-10-31T23:58:52Z
usr4395,PushEvent,2023-10-31T12:25:01Z
usr4395,PushEvent,2023-10-31T10:48:28Z
usr4395,PushEvent,2023-10-31T10:47:10Z
usr4395,PushEvent,2023-10-28T14:38:17Z
usr4395,PushEvent,2023-10-27T07:21:31Z
usr4395,PushEvent,2023-10-27T07:05:35Z
usr4395,PushEvent,2023-10-24T22:24:14Z
usr4395,PushEvent,2023-10-21T08:09:24Z
usr4398,IssueCommentEvent,2024-01-16T03:32:20Z
usr4398,IssueCommentEvent,2024-01-16T03:30:58Z
usr4398,IssueCommentEvent,2024-01-14T17:13:03Z
usr4398,IssueCommentEvent,2024-01-14T17:11:03Z
usr4398,IssueCommentEvent,2024-01-14T17:09:22Z
usr4398,IssueCommentEvent,2024-01-14T17:07:05Z
usr4398,PushEvent,2023-12-12T04:57:31Z
usr4398,CreateEvent,2023-12-08T18:00:10Z
usr4398,CreateEvent,2023-12-08T17:56:07Z
usr4398,PublicEvent,2023-12-02T17:22:21Z
usr4398,PushEvent,2023-11-06T04:26:32Z
usr4398,PushEvent,2023-11-06T04:19:43Z
usr4398,PushEvent,2023-11-03T10:40:55Z
usr4398,PushEvent,2023-11-03T10:21:45Z
usr4398,PushEvent,2023-10-31T06:13:47Z
usr4398,PushEvent,2023-10-20T11:21:53Z
usr4401,WatchEvent,2024-01-13T20:14:31Z
usr4401,WatchEvent,2024-01-13T20:14:18Z
usr4401,PushEvent,2024-01-08T05:00:35Z
usr4401,PushEvent,2024-01-08T04:59:11Z
usr4401,PushEvent,2024-01-07T23:44:49Z
usr4401,PushEvent,2023-12-06T05:40:51Z
usr4401,PushEvent,2023-12-04T04:59:42Z
usr4401,PushEvent,2023-12-03T05:31:06Z
usr4401,CreateEvent,2023-12-03T04:36:42Z
usr4401,CreateEvent,2023-12-03T04:36:28Z
usr4401,PushEvent,2023-12-01T04:03:57Z
usr4401,PushEvent,2023-11-30T04:43:25Z
usr4401,PushEvent,2023-11-29T04:37:12Z
usr4401,CreateEvent,2023-11-27T04:37:23Z
usr4401,CreateEvent,2023-11-27T04:37:11Z
usr4401,WatchEvent,2023-11-23T19:44:09Z
usr4401,WatchEvent,2023-11-22T19:53:49Z
usr4401,WatchEvent,2023-11-12T19:50:56Z
usr4401,WatchEvent,2023-11-12T19:49:27Z
usr4401,WatchEvent,2023-11-05T02:57:36Z
usr4401,CreateEvent,2023-11-05T02:49:38Z
usr4401,CreateEvent,2023-11-05T02:49:24Z
usr4401,IssueCommentEvent,2023-11-04T19:58:42Z
usr4401,IssuesEvent,2023-11-04T19:58:41Z
usr4401,ForkEvent,2023-11-04T15:35:19Z
usr4401,IssuesEvent,2023-10-28T22:49:11Z
usr4401,WatchEvent,2023-10-20T14:57:02Z
usr4403,PushEvent,2024-01-03T21:18:56Z
usr4403,PullRequestEvent,2024-01-03T21:18:55Z
usr4403,PullRequestEvent,2024-01-03T21:18:28Z
usr4403,PushEvent,2024-01-03T21:17:39Z
usr4403,PullRequestEvent,2024-01-03T21:17:38Z
usr4403,PullRequestEvent,2024-01-03T21:17:25Z
usr4403,PushEvent,2024-01-03T21:16:23Z
usr4403,PushEvent,2024-01-03T20:42:51Z
usr4403,PullRequestEvent,2024-01-03T20:42:50Z
usr4403,PullRequestEvent,2024-01-03T20:42:17Z
usr4403,PushEvent,2024-01-03T20:36:56Z
usr4403,PullRequestEvent,2024-01-03T20:36:55Z
usr4403,PullRequestEvent,2024-01-03T20:36:44Z
usr4403,PushEvent,2023-12-26T03:25:06Z
usr4403,PushEvent,2023-12-26T00:44:20Z
usr4403,PullRequestEvent,2023-12-26T00:44:19Z
usr4403,PullRequestEvent,2023-12-26T00:44:12Z
usr4403,PushEvent,2023-12-26T00:42:13Z
usr4403,PushEvent,2023-11-16T20:11:09Z
usr4403,CreateEvent,2023-11-16T19:58:44Z
usr4403,PushEvent,2023-11-16T18:16:38Z
usr4403,PullRequestEvent,2023-11-16T18:16:30Z
usr4403,PushEvent,2023-11-16T18:15:58Z
usr4403,PullRequestEvent,2023-11-16T18:15:57Z
usr4403,PullRequestEvent,2023-11-16T18:15:50Z
usr4403,CreateEvent,2023-11-16T18:15:32Z
usr4403,PushEvent,2023-11-07T22:04:21Z
usr4403,PullRequestEvent,2023-11-07T22:04:21Z
usr4403,PullRequestEvent,2023-11-07T22:04:12Z
usr4403,PushEvent,2023-11-07T04:19:14Z
usr4403,CreateEvent,2023-11-03T18:40:55Z
usr4403,PushEvent,2023-11-03T17:35:34Z
usr4403,PullRequestEvent,2023-11-03T17:35:33Z
usr4403,PullRequestEvent,2023-11-03T17:35:22Z
usr4403,PushEvent,2023-11-03T17:32:13Z
usr4403,PushEvent,2023-11-03T17:18:20Z
usr4403,PushEvent,2023-11-01T01:22:49Z
usr4403,CreateEvent,2023-11-01T01:13:24Z
usr4403,PushEvent,2023-10-31T23:41:21Z
usr4403,PullRequestEvent,2023-10-31T23:41:21Z
usr4403,PullRequestEvent,2023-10-31T23:41:15Z
usr4403,PushEvent,2023-10-31T23:40:14Z
usr4403,CreateEvent,2023-10-17T03:47:29Z
usr4405,None,None
usr4406,ForkEvent,2024-01-06T09:36:57Z
usr4406,ForkEvent,2024-01-05T15:27:09Z
usr4406,ForkEvent,2023-12-14T20:27:45Z
usr4406,PushEvent,2023-12-14T16:40:11Z
usr4406,ForkEvent,2023-12-13T20:46:32Z
usr4406,PushEvent,2023-12-11T05:56:02Z
usr4406,CreateEvent,2023-12-11T05:31:10Z
usr4406,CreateEvent,2023-12-11T05:30:45Z
usr4406,PushEvent,2023-12-08T12:22:50Z
usr4406,PushEvent,2023-12-08T12:18:11Z
usr4406,PushEvent,2023-12-08T12:16:59Z
usr4406,PushEvent,2023-12-08T12:13:43Z
usr4406,CreateEvent,2023-12-08T09:06:43Z
usr4406,CreateEvent,2023-12-08T09:05:26Z
usr4406,CreateEvent,2023-12-08T08:44:21Z
usr4406,CreateEvent,2023-12-08T08:44:19Z
usr4407,None,None
usr4408,PushEvent,2023-11-15T11:19:42Z
usr4408,PullRequestEvent,2023-11-15T11:19:42Z
usr4408,PullRequestEvent,2023-11-15T11:19:28Z
usr4408,PushEvent,2023-11-15T11:18:54Z
usr4408,PushEvent,2023-11-10T11:31:00Z
usr4408,PushEvent,2023-11-10T11:25:43Z
usr4408,PullRequestEvent,2023-11-10T11:25:43Z
usr4408,PullRequestEvent,2023-11-10T11:25:32Z
usr4408,CreateEvent,2023-11-10T11:20:48Z
usr4408,PushEvent,2023-11-10T11:05:35Z
usr4408,CreateEvent,2023-11-10T10:30:47Z
usr4408,CreateEvent,2023-11-10T10:30:40Z
usr4408,CreateEvent,2023-11-09T14:57:40Z
usr4408,CreateEvent,2023-11-09T14:57:33Z
usr4410,WatchEvent,2023-12-13T19:47:09Z
usr4410,WatchEvent,2023-12-12T20:58:00Z
usr4410,PublicEvent,2023-11-06T16:28:25Z
usr4410,PublicEvent,2023-11-06T16:24:13Z
usr4410,PublicEvent,2023-11-06T16:19:34Z
usr4410,DeleteEvent,2023-11-06T15:46:49Z
usr4410,PullRequestEvent,2023-11-06T15:46:44Z
usr4410,DeleteEvent,2023-11-06T15:46:44Z
usr4410,DeleteEvent,2023-11-06T15:46:43Z
usr4410,DeleteEvent,2023-11-06T15:46:29Z
usr4410,PushEvent,2023-11-06T15:46:26Z
usr4410,PullRequestEvent,2023-11-06T15:46:25Z
usr4410,PullRequestEvent,2023-11-06T15:46:18Z
usr4410,DeleteEvent,2023-11-06T15:45:39Z
usr4410,DeleteEvent,2023-11-06T15:45:23Z
usr4410,PushEvent,2023-11-06T15:45:17Z
usr4410,PullRequestEvent,2023-11-06T15:45:17Z
usr4410,PullRequestEvent,2023-11-06T15:45:03Z
usr4410,PushEvent,2023-11-06T15:44:40Z
usr4410,CreateEvent,2023-11-06T15:44:40Z
usr4410,PushEvent,2023-11-06T15:38:01Z
usr4410,PushEvent,2023-11-06T15:37:25Z
usr4410,PushEvent,2023-11-06T15:36:25Z
usr4410,PullRequestEvent,2023-11-06T15:36:25Z
usr4410,PullRequestEvent,2023-11-06T15:35:57Z
usr4410,CreateEvent,2023-11-06T15:35:47Z
usr4412,CreateEvent,2024-01-10T19:12:20Z
usr4412,PushEvent,2024-01-10T15:23:11Z
usr4412,CreateEvent,2024-01-10T13:49:22Z
usr4412,PushEvent,2024-01-10T12:48:16Z
usr4412,CreateEvent,2024-01-09T15:46:47Z
usr4412,PushEvent,2024-01-08T15:53:51Z
usr4412,CreateEvent,2024-01-08T15:08:43Z
usr4412,CreateEvent,2024-01-08T12:31:42Z
usr4412,CreateEvent,2024-01-05T15:07:37Z
usr4412,PushEvent,2024-01-04T18:35:14Z
usr4412,CreateEvent,2024-01-04T12:19:19Z
usr4412,PushEvent,2024-01-03T19:45:07Z
usr4412,CreateEvent,2024-01-03T15:26:03Z
usr4412,PushEvent,2024-01-03T12:48:35Z
usr4412,CreateEvent,2024-01-02T20:04:55Z
usr4412,ForkEvent,2024-01-02T19:48:49Z
usr4412,PushEvent,2023-11-10T18:46:17Z
usr4412,ForkEvent,2023-11-07T19:18:54Z
usr4414,PushEvent,2023-12-12T16:46:48Z
usr4414,PullRequestEvent,2023-12-12T16:46:48Z
usr4414,PullRequestReviewEvent,2023-12-12T16:46:37Z
usr4414,PushEvent,2023-12-01T18:24:39Z
usr4414,CreateEvent,2023-11-28T07:49:36Z
usr4414,CreateEvent,2023-11-28T07:37:59Z
usr4414,DeleteEvent,2023-11-28T07:12:02Z
usr4414,PushEvent,2023-11-28T07:11:59Z
usr4414,PullRequestEvent,2023-11-28T07:11:58Z
usr4414,PullRequestReviewCommentEvent,2023-11-28T02:32:03Z
usr4414,PullRequestReviewEvent,2023-11-28T02:32:04Z
usr4414,PushEvent,2023-11-28T02:17:40Z
usr4414,PullRequestReviewCommentEvent,2023-11-27T22:11:15Z
usr4414,PullRequestReviewEvent,2023-11-27T22:11:16Z
usr4414,PullRequestReviewCommentEvent,2023-11-27T22:05:25Z
usr4414,PullRequestReviewEvent,2023-11-27T22:05:26Z
usr4414,PullRequestReviewEvent,2023-11-27T22:05:14Z
usr4414,PullRequestReviewCommentEvent,2023-11-27T22:05:13Z
usr4414,PullRequestReviewCommentEvent,2023-11-27T22:05:07Z
usr4414,PullRequestReviewEvent,2023-11-27T22:05:08Z
usr4414,PullRequestReviewCommentEvent,2023-11-27T22:05:00Z
usr4414,PullRequestReviewEvent,2023-11-27T22:05:01Z
usr4414,PullRequestReviewCommentEvent,2023-11-27T22:04:50Z
usr4414,PullRequestReviewEvent,2023-11-27T22:04:51Z
usr4414,PullRequestReviewCommentEvent,2023-11-27T22:04:03Z
usr4414,PullRequestReviewEvent,2023-11-27T22:04:04Z
usr4414,PullRequestReviewCommentEvent,2023-11-27T22:03:22Z
usr4414,PullRequestReviewEvent,2023-11-27T22:03:23Z
usr4414,PullRequestReviewCommentEvent,2023-11-27T22:03:03Z
usr4414,PullRequestReviewEvent,2023-11-27T22:03:04Z
usr4414,PullRequestReviewCommentEvent,2023-11-27T22:02:39Z
usr4414,PullRequestReviewEvent,2023-11-27T22:02:40Z
usr4414,PushEvent,2023-11-27T22:01:48Z
usr4414,PushEvent,2023-11-27T22:00:18Z
usr4414,PullRequestEvent,2023-11-27T21:58:06Z
usr4414,CreateEvent,2023-11-27T21:57:44Z
usr4414,IssueCommentEvent,2023-11-25T20:57:39Z
usr4414,PullRequestReviewEvent,2023-11-25T20:47:17Z
usr4414,IssueCommentEvent,2023-11-16T16:54:51Z
usr4414,PullRequestEvent,2023-11-16T16:52:42Z
usr4414,PullRequestEvent,2023-11-16T16:52:25Z
usr4414,PullRequestEvent,2023-11-16T16:52:12Z
usr4414,PushEvent,2023-11-02T19:40:50Z
usr4414,PullRequestEvent,2023-11-02T19:40:50Z
usr4414,PullRequestReviewEvent,2023-11-02T19:39:46Z
usr4414,PullRequestReviewEvent,2023-11-02T19:22:42Z
usr4414,PushEvent,2023-10-25T08:46:12Z
usr4414,PullRequestEvent,2023-10-25T08:46:11Z
usr4414,PullRequestReviewEvent,2023-10-25T08:46:04Z
usr4414,PushEvent,2023-10-18T15:43:34Z
usr4414,PullRequestEvent,2023-10-18T15:43:33Z
usr4414,PullRequestReviewCommentEvent,2023-10-18T15:38:41Z
usr4414,PullRequestReviewCommentEvent,2023-10-18T15:36:40Z
usr4414,PullRequestReviewCommentEvent,2023-10-18T15:38:03Z
usr4414,PullRequestReviewEvent,2023-10-18T15:42:48Z
usr4414,PullRequestReviewEvent,2023-10-18T15:42:48Z
usr4417,None,None
usr4419,PushEvent,2024-01-04T13:10:06Z
usr4419,PushEvent,2024-01-04T13:07:40Z
usr4419,PushEvent,2024-01-04T11:46:47Z
usr4419,CreateEvent,2024-01-04T10:24:46Z
usr4419,CreateEvent,2024-01-03T11:52:45Z
usr4419,PushEvent,2024-01-03T11:26:53Z
usr4419,PushEvent,2023-12-26T22:08:58Z
usr4419,PushEvent,2023-12-26T22:00:41Z
usr4419,PushEvent,2023-12-26T21:42:19Z
usr4419,PushEvent,2023-12-26T21:40:58Z
usr4419,PushEvent,2023-12-26T21:24:01Z
usr4419,PublicEvent,2023-12-16T17:50:06Z
usr4419,PublicEvent,2023-12-05T12:06:57Z
usr4419,PushEvent,2023-10-25T13:05:15Z
usr4419,PushEvent,2023-10-25T11:25:19Z
usr4419,PushEvent,2023-10-25T10:53:48Z
usr4419,PushEvent,2023-10-25T08:16:16Z
usr4419,PushEvent,2023-10-24T10:11:19Z
usr4419,PushEvent,2023-10-24T06:24:59Z
usr4419,PushEvent,2023-10-22T12:46:05Z
usr4419,PushEvent,2023-10-22T08:33:06Z
usr4419,PushEvent,2023-10-22T06:57:52Z
usr4419,CreateEvent,2023-10-21T10:31:34Z
usr4419,PushEvent,2023-10-21T09:01:54Z
usr4419,CreateEvent,2023-10-18T13:02:24Z
usr4419,ReleaseEvent,2023-10-18T13:02:24Z
usr4419,PushEvent,2023-10-18T13:01:53Z
usr4419,CreateEvent,2023-10-18T12:59:57Z
usr4419,ReleaseEvent,2023-10-18T12:59:57Z
usr4419,PushEvent,2023-10-18T12:59:31Z
usr4419,CreateEvent,2023-10-18T12:56:50Z
usr4419,ReleaseEvent,2023-10-18T12:56:49Z
usr4419,CreateEvent,2023-10-18T12:56:10Z
usr4419,CreateEvent,2023-10-18T12:55:44Z
usr4419,CreateEvent,2023-10-18T12:37:18Z
usr4419,ReleaseEvent,2023-10-18T12:37:17Z
usr4419,PushEvent,2023-10-18T12:31:34Z
usr4419,CreateEvent,2023-10-18T12:10:08Z
usr4419,ReleaseEvent,2023-10-18T12:10:07Z
usr4419,CreateEvent,2023-10-18T12:09:47Z
usr4419,CreateEvent,2023-10-18T12:09:29Z
usr4419,CreateEvent,2023-10-18T12:04:09Z
usr4419,ReleaseEvent,2023-10-18T12:04:08Z
usr4419,PushEvent,2023-10-18T12:03:18Z
usr4419,ReleaseEvent,2023-10-18T12:00:15Z
usr4419,CreateEvent,2023-10-18T12:00:15Z
usr4419,PushEvent,2023-10-18T11:59:47Z
usr4419,ReleaseEvent,2023-10-18T11:54:39Z
usr4419,CreateEvent,2023-10-18T11:54:40Z
usr4419,CreateEvent,2023-10-18T11:53:34Z
usr4419,PushEvent,2023-10-18T10:58:57Z
usr4419,CreateEvent,2023-10-18T10:49:22Z
usr4419,CreateEvent,2023-10-18T10:37:33Z
usr4419,ReleaseEvent,2023-10-18T10:37:33Z
usr4419,PushEvent,2023-10-18T10:37:14Z
usr4419,CreateEvent,2023-10-18T10:36:18Z
usr4419,CreateEvent,2023-10-18T10:35:48Z
usr4419,DeleteEvent,2023-10-18T10:35:00Z
usr4419,CreateEvent,2023-10-18T10:33:30Z
usr4419,PushEvent,2023-10-18T10:31:22Z
usr4419,CreateEvent,2023-10-18T10:15:57Z
usr4419,ReleaseEvent,2023-10-18T10:15:56Z
usr4419,PushEvent,2023-10-18T10:14:31Z
usr4419,ReleaseEvent,2023-10-18T09:56:43Z
usr4419,CreateEvent,2023-10-18T09:56:44Z
usr4419,PushEvent,2023-10-18T09:56:19Z
usr4419,CreateEvent,2023-10-18T09:36:57Z
usr4419,ReleaseEvent,2023-10-18T09:36:57Z
usr4419,PushEvent,2023-10-18T09:36:28Z
usr4419,PushEvent,2023-10-18T09:35:20Z
usr4419,CreateEvent,2023-10-18T09:10:51Z
usr4419,CreateEvent,2023-10-18T09:08:59Z
usr4419,CreateEvent,2023-10-18T06:41:43Z
usr4419,ReleaseEvent,2023-10-18T06:41:42Z
usr4419,PushEvent,2023-10-18T06:40:48Z
usr4420,PushEvent,2024-01-16T19:59:50Z
usr4420,CreateEvent,2024-01-16T18:23:25Z
usr4420,CreateEvent,2024-01-16T18:23:26Z
usr4420,PushEvent,2024-01-15T06:33:37Z
usr4420,PushEvent,2024-01-14T07:42:06Z
usr4420,PushEvent,2024-01-13T06:57:14Z
usr4420,PushEvent,2024-01-12T12:48:28Z
usr4420,PushEvent,2024-01-11T16:41:41Z
usr4420,PushEvent,2024-01-10T18:40:00Z
usr4420,PushEvent,2024-01-09T15:29:17Z
usr4420,PushEvent,2024-01-08T17:40:56Z
usr4420,PushEvent,2024-01-07T06:45:57Z
usr4420,PushEvent,2024-01-06T14:39:35Z
usr4420,PushEvent,2024-01-05T15:29:30Z
usr4420,PushEvent,2024-01-04T18:08:47Z
usr4420,PushEvent,2024-01-03T20:46:49Z
usr4420,PushEvent,2024-01-03T19:07:39Z
usr4420,PushEvent,2024-01-03T18:37:58Z
usr4420,PushEvent,2024-01-02T19:14:57Z
usr4420,PushEvent,2024-01-02T19:03:24Z
usr4420,PushEvent,2024-01-02T15:36:34Z
usr4420,PushEvent,2024-01-01T18:17:51Z
usr4420,PushEvent,2023-12-31T13:14:33Z
usr4420,PushEvent,2023-12-30T09:43:24Z
usr4420,PushEvent,2023-12-30T07:13:07Z
usr4420,PushEvent,2023-12-29T12:29:38Z
usr4420,PushEvent,2023-12-28T17:15:22Z
usr4420,PushEvent,2023-12-27T17:28:02Z
usr4420,PushEvent,2023-12-27T16:22:17Z
usr4420,PushEvent,2023-12-26T19:19:31Z
usr4420,PushEvent,2023-12-25T18:45:39Z
usr4420,PushEvent,2023-12-24T13:01:05Z
usr4420,PushEvent,2023-12-24T09:07:31Z
usr4420,PushEvent,2023-12-23T13:36:46Z
usr4420,PushEvent,2023-12-22T14:29:29Z
usr4420,PushEvent,2023-12-21T19:43:23Z
usr4420,CreateEvent,2023-12-21T17:51:13Z
usr4420,CreateEvent,2023-12-21T17:51:11Z
usr4420,PushEvent,2023-12-21T04:40:00Z
usr4420,PushEvent,2023-12-20T20:10:41Z
usr4420,PushEvent,2023-12-20T20:03:22Z
usr4420,PushEvent,2023-12-19T17:39:11Z
usr4420,PushEvent,2023-12-18T18:18:18Z
usr4420,PushEvent,2023-12-17T19:10:25Z
usr4420,PushEvent,2023-12-16T16:50:05Z
usr4420,PushEvent,2023-12-15T17:31:23Z
usr4420,PushEvent,2023-12-14T18:59:35Z
usr4420,PushEvent,2023-12-13T17:08:38Z
usr4420,PushEvent,2023-12-12T02:51:32Z
usr4420,PushEvent,2023-12-10T21:44:41Z
usr4420,PushEvent,2023-12-10T20:06:31Z
usr4420,PushEvent,2023-12-09T13:28:51Z
usr4420,PushEvent,2023-12-08T16:37:14Z
usr4420,PushEvent,2023-12-07T19:16:10Z
usr4420,PushEvent,2023-12-07T17:57:55Z
usr4420,PushEvent,2023-12-06T18:05:10Z
usr4420,PushEvent,2023-12-06T08:14:31Z
usr4420,PushEvent,2023-12-05T10:17:50Z
usr4420,PushEvent,2023-12-04T12:15:54Z
usr4420,PushEvent,2023-12-03T10:20:25Z
usr4420,PushEvent,2023-12-02T17:27:10Z
usr4420,PushEvent,2023-12-01T12:17:43Z
usr4420,PushEvent,2023-11-29T21:16:01Z
usr4420,PushEvent,2023-11-29T17:31:07Z
usr4420,PushEvent,2023-11-28T19:02:42Z
usr4420,PushEvent,2023-11-27T17:45:10Z
usr4420,PushEvent,2023-11-26T10:07:41Z
usr4420,CreateEvent,2023-11-26T08:48:21Z
usr4420,CreateEvent,2023-11-26T08:48:20Z
usr4420,PushEvent,2023-11-25T14:11:27Z
usr4420,PushEvent,2023-11-25T14:09:20Z
usr4420,PushEvent,2023-11-24T14:27:28Z
usr4420,PushEvent,2023-11-23T19:09:24Z
usr4420,PushEvent,2023-11-22T16:59:03Z
usr4420,PushEvent,2023-11-21T19:24:33Z
usr4420,PushEvent,2023-11-20T18:43:34Z
usr4420,PushEvent,2023-11-19T09:37:33Z
usr4420,PushEvent,2023-11-18T16:27:02Z
usr4420,PushEvent,2023-11-17T07:51:29Z
usr4420,PushEvent,2023-11-16T16:45:51Z
usr4420,PushEvent,2023-11-15T07:26:21Z
usr4420,PushEvent,2023-11-14T03:43:19Z
usr4420,PushEvent,2023-11-14T03:34:20Z
usr4420,PushEvent,2023-11-13T19:45:14Z
usr4420,PushEvent,2023-11-12T12:54:20Z
usr4420,PushEvent,2023-11-12T10:55:18Z
usr4420,CreateEvent,2023-11-12T08:48:10Z
usr4420,CreateEvent,2023-11-12T08:48:09Z
usr4420,PushEvent,2023-11-11T12:16:45Z
usr4420,CreateEvent,2023-11-11T12:14:48Z
usr4420,CreateEvent,2023-11-11T12:14:47Z
usr4420,PushEvent,2023-11-10T12:09:00Z
usr4420,PushEvent,2023-11-09T19:15:36Z
usr4420,CreateEvent,2023-11-09T16:32:21Z
usr4420,CreateEvent,2023-11-09T16:32:19Z
usr4420,PushEvent,2023-11-08T19:08:05Z
usr4420,PushEvent,2023-11-07T20:07:26Z
usr4420,PushEvent,2023-11-06T14:01:41Z
usr4420,PushEvent,2023-11-05T08:23:09Z
usr4420,CreateEvent,2023-11-05T07:05:38Z
usr4420,CreateEvent,2023-11-05T07:05:37Z
usr4420,PushEvent,2023-11-04T12:16:56Z
usr4420,PushEvent,2023-11-03T13:30:05Z
usr4420,PushEvent,2023-11-02T19:35:40Z
usr4420,CreateEvent,2023-11-02T17:51:11Z
usr4420,CreateEvent,2023-11-02T17:51:10Z
usr4420,PushEvent,2023-11-01T15:17:19Z
usr4420,PushEvent,2023-10-31T17:39:15Z
usr4420,PushEvent,2023-10-30T16:24:43Z
usr4420,PushEvent,2023-10-30T15:10:00Z
usr4420,PushEvent,2023-10-29T14:18:16Z
usr4420,PushEvent,2023-10-28T15:29:57Z
usr4420,PushEvent,2023-10-28T15:29:25Z
usr4420,PushEvent,2023-10-27T10:24:04Z
usr4420,PushEvent,2023-10-26T20:01:26Z
usr4420,PushEvent,2023-10-25T12:48:41Z
usr4420,PushEvent,2023-10-24T19:32:25Z
usr4420,CreateEvent,2023-10-24T18:36:21Z
usr4420,CreateEvent,2023-10-24T18:36:20Z
usr4420,PushEvent,2023-10-23T15:19:53Z
usr4420,PushEvent,2023-10-22T08:00:55Z
usr4420,CreateEvent,2023-10-22T06:39:54Z
usr4420,CreateEvent,2023-10-22T06:39:53Z
usr4420,PushEvent,2023-10-21T17:18:11Z
usr4420,PushEvent,2023-10-20T12:15:07Z
usr4420,PushEvent,2023-10-19T19:51:19Z
usr4420,PushEvent,2023-10-18T18:25:44Z
usr4420,PushEvent,2023-10-17T19:43:39Z
usr4420,PushEvent,2023-10-16T20:54:04Z
usr4420,PushEvent,2023-10-16T20:42:03Z
usr4422,WatchEvent,2024-01-15T16:15:42Z
usr4422,WatchEvent,2024-01-13T10:56:20Z
usr4422,WatchEvent,2023-11-14T10:28:14Z
usr4422,WatchEvent,2023-11-09T10:06:14Z
usr4423,PushEvent,2024-01-13T13:19:59Z
usr4423,PushEvent,2024-01-13T13:09:30Z
usr4423,PushEvent,2024-01-13T12:48:12Z
usr4423,CreateEvent,2024-01-13T12:46:32Z
usr4423,CreateEvent,2024-01-13T12:20:45Z
usr4423,PushEvent,2023-12-10T11:12:27Z
usr4423,PushEvent,2023-12-10T11:12:10Z
usr4423,PushEvent,2023-11-27T17:42:37Z
usr4423,WatchEvent,2023-11-25T06:42:51Z
usr4423,WatchEvent,2023-11-25T06:42:48Z
usr4423,CreateEvent,2023-11-25T05:57:54Z
usr4423,CreateEvent,2023-11-25T05:57:51Z
usr4423,PushEvent,2023-11-23T12:50:38Z
usr4423,CreateEvent,2023-11-23T12:47:22Z
usr4423,CreateEvent,2023-11-23T12:47:20Z
usr4423,PushEvent,2023-11-19T23:04:52Z
usr4423,PushEvent,2023-11-19T23:04:41Z
usr4423,CreateEvent,2023-11-19T14:44:09Z
usr4423,CreateEvent,2023-11-19T14:44:07Z
usr4423,WatchEvent,2023-11-13T11:07:36Z
usr4423,WatchEvent,2023-11-13T11:07:35Z
usr4423,PushEvent,2023-11-12T17:48:44Z
usr4423,PushEvent,2023-11-12T15:20:12Z
usr4423,DeleteEvent,2023-11-12T09:34:44Z
usr4423,PushEvent,2023-11-12T09:34:15Z
usr4423,PushEvent,2023-11-12T07:22:00Z
usr4423,CreateEvent,2023-11-12T00:45:30Z
usr4423,DeleteEvent,2023-11-12T00:38:24Z
usr4423,PullRequestEvent,2023-11-12T00:37:52Z
usr4423,DeleteEvent,2023-11-12T00:37:52Z
usr4423,PushEvent,2023-11-12T00:37:30Z
usr4423,PullRequestEvent,2023-11-12T00:35:06Z
usr4423,CreateEvent,2023-11-12T00:35:01Z
usr4423,PushEvent,2023-11-12T00:34:48Z
usr4423,PullRequestEvent,2023-11-12T00:34:47Z
usr4423,PullRequestEvent,2023-11-12T00:31:55Z
usr4423,PushEvent,2023-11-12T00:31:28Z
usr4423,IssueCommentEvent,2023-11-12T00:30:03Z
usr4423,PushEvent,2023-11-12T00:29:42Z
usr4423,PullRequestEvent,2023-11-12T00:29:42Z
usr4423,PullRequestEvent,2023-11-12T00:29:30Z
usr4423,CreateEvent,2023-11-12T00:29:09Z
usr4423,CreateEvent,2023-11-12T00:03:13Z
usr4423,CreateEvent,2023-11-12T00:03:10Z
usr4423,PushEvent,2023-11-10T19:08:45Z
usr4423,PushEvent,2023-11-10T13:28:20Z
usr4423,PushEvent,2023-11-10T13:11:37Z
usr4423,PushEvent,2023-11-10T10:31:42Z
usr4423,CreateEvent,2023-11-10T09:42:32Z
usr4423,CreateEvent,2023-11-10T09:42:30Z
usr4423,CreateEvent,2023-10-18T15:59:48Z
usr4423,CreateEvent,2023-10-18T15:49:11Z
usr4425,CreateEvent,2024-01-05T16:55:56Z
usr4425,CreateEvent,2024-01-05T16:52:09Z
usr4425,PushEvent,2023-12-29T15:22:09Z
usr4425,PushEvent,2023-12-29T15:21:26Z
usr4425,PushEvent,2023-12-27T17:33:12Z
usr4425,PushEvent,2023-12-27T17:04:54Z
usr4425,CreateEvent,2023-12-27T16:38:26Z
usr4425,CreateEvent,2023-12-27T14:00:08Z
usr4425,PushEvent,2023-12-22T18:48:00Z
usr4425,PushEvent,2023-12-19T18:17:03Z
usr4425,PushEvent,2023-12-19T18:05:44Z
usr4425,CreateEvent,2023-12-18T17:02:29Z
usr4425,CreateEvent,2023-12-18T17:01:21Z
usr4425,WatchEvent,2023-12-12T15:39:50Z
usr4427,None,None
usr4428,PushEvent,2024-01-12T09:46:00Z
usr4428,PushEvent,2024-01-07T20:32:32Z
usr4428,PushEvent,2024-01-03T16:29:06Z
usr4428,PushEvent,2024-01-02T13:58:22Z
usr4428,PushEvent,2024-01-02T12:25:23Z
usr4428,CreateEvent,2024-01-02T11:56:30Z
usr4428,ReleaseEvent,2024-01-02T11:56:29Z
usr4428,DeleteEvent,2024-01-02T11:52:40Z
usr4428,DeleteEvent,2024-01-02T11:52:07Z
usr4428,PushEvent,2024-01-02T11:52:01Z
usr4428,IssuesEvent,2024-01-02T11:52:01Z
usr4428,IssuesEvent,2024-01-02T11:52:00Z
usr4428,PullRequestEvent,2024-01-02T11:52:00Z
usr4428,PullRequestEvent,2024-01-02T11:37:06Z
usr4428,PushEvent,2024-01-02T10:58:01Z
usr4428,PushEvent,2024-01-02T10:33:11Z
usr4428,PushEvent,2024-01-02T10:08:02Z
usr4428,PushEvent,2024-01-01T22:01:18Z
usr4428,PushEvent,2024-01-01T21:49:33Z
usr4428,PushEvent,2024-01-01T18:45:24Z
usr4428,PushEvent,2024-01-01T17:56:29Z
usr4428,PushEvent,2024-01-01T17:17:27Z
usr4428,PushEvent,2024-01-01T12:34:28Z
usr4428,PushEvent,2023-12-30T14:48:13Z
usr4428,PushEvent,2023-12-30T14:10:27Z
usr4428,PushEvent,2023-12-30T14:02:20Z
usr4428,PushEvent,2023-12-30T13:57:44Z
usr4428,PushEvent,2023-12-30T13:42:29Z
usr4428,PushEvent,2023-12-29T20:36:29Z
usr4428,PushEvent,2023-12-28T19:38:40Z
usr4428,CreateEvent,2023-12-28T18:54:58Z
usr4428,IssuesEvent,2023-12-21T17:15:17Z
usr4428,IssuesEvent,2023-12-21T17:12:05Z
usr4428,IssuesEvent,2023-12-21T17:10:04Z
usr4428,PushEvent,2023-12-19T17:37:45Z
usr4428,PushEvent,2023-12-19T13:34:33Z
usr4428,PushEvent,2023-12-19T07:48:16Z
usr4428,ReleaseEvent,2023-12-19T07:37:56Z
usr4428,CreateEvent,2023-12-19T07:37:56Z
usr4428,DeleteEvent,2023-12-19T07:35:50Z
usr4428,PushEvent,2023-12-19T07:32:20Z
usr4428,CreateEvent,2023-12-19T07:26:50Z
usr4428,ReleaseEvent,2023-12-19T07:26:50Z
usr4428,IssueCommentEvent,2023-12-19T07:23:49Z
usr4428,IssuesEvent,2023-12-19T07:23:49Z
usr4428,PushEvent,2023-12-19T07:15:46Z
usr4428,PushEvent,2023-12-19T07:01:53Z
usr4428,PushEvent,2023-12-19T06:54:33Z
usr4428,CreateEvent,2023-12-17T17:27:29Z
usr4428,ReleaseEvent,2023-12-17T17:27:28Z
usr4428,PushEvent,2023-12-17T17:25:49Z
usr4428,IssuesEvent,2023-12-17T17:25:49Z
usr4428,PullRequestEvent,2023-12-17T17:25:48Z
usr4428,PullRequestEvent,2023-12-17T17:25:21Z
usr4428,PushEvent,2023-12-17T17:23:56Z
usr4428,PushEvent,2023-12-17T16:58:05Z
usr4428,PushEvent,2023-12-17T15:41:39Z
usr4428,PushEvent,2023-12-17T15:17:15Z
usr4428,PushEvent,2023-12-16T17:04:35Z
usr4428,PushEvent,2023-12-16T16:43:55Z
usr4428,CreateEvent,2023-12-16T15:48:03Z
usr4428,IssuesEvent,2023-12-16T15:44:30Z
usr4428,IssuesEvent,2023-12-15T19:43:13Z
usr4428,IssuesEvent,2023-12-15T16:03:58Z
usr4428,PushEvent,2023-12-15T13:33:56Z
usr4428,CreateEvent,2023-12-15T10:19:04Z
usr4428,ReleaseEvent,2023-12-15T10:19:04Z
usr4428,PushEvent,2023-12-14T16:46:29Z
usr4428,PushEvent,2023-12-14T16:33:28Z
usr4428,PushEvent,2023-12-14T16:18:38Z
usr4428,PushEvent,2023-12-14T15:01:15Z
usr4428,PushEvent,2023-12-14T14:30:54Z
usr4428,PushEvent,2023-12-14T14:11:28Z
usr4428,PushEvent,2023-12-14T11:35:21Z
usr4428,DeleteEvent,2023-12-14T08:35:26Z
usr4428,CreateEvent,2023-12-14T08:35:07Z
usr4428,ReleaseEvent,2023-12-14T08:35:06Z
usr4428,CreateEvent,2023-12-14T08:30:45Z
usr4428,PushEvent,2023-12-14T08:24:31Z
usr4428,PushEvent,2023-12-13T17:00:17Z
usr4428,PushEvent,2023-12-13T15:53:33Z
usr4428,PushEvent,2023-12-08T18:01:59Z
usr4428,PushEvent,2023-12-08T16:16:42Z
usr4428,IssueCommentEvent,2023-12-04T12:57:28Z
usr4428,PullRequestEvent,2023-12-04T12:57:28Z
usr4428,PullRequestEvent,2023-12-04T12:55:21Z
usr4428,PushEvent,2023-12-04T12:54:21Z
usr4428,ForkEvent,2023-12-04T12:52:12Z
usr4428,PushEvent,2023-12-03T16:48:03Z
usr4428,PushEvent,2023-12-02T21:35:07Z
usr4428,PullRequestEvent,2023-12-02T19:07:00Z
usr4428,PushEvent,2023-12-02T19:04:52Z
usr4428,PushEvent,2023-12-02T17:48:16Z
usr4428,PushEvent,2023-12-02T17:21:26Z
usr4428,PushEvent,2023-12-02T17:17:37Z
usr4428,PushEvent,2023-12-02T14:08:09Z
usr4428,PushEvent,2023-12-01T20:44:15Z
usr4428,PushEvent,2023-12-01T13:38:03Z
usr4428,PushEvent,2023-11-30T21:52:55Z
usr4428,PushEvent,2023-11-30T21:29:55Z
usr4428,PushEvent,2023-11-30T15:51:55Z
usr4428,PushEvent,2023-11-30T14:41:20Z
usr4428,PushEvent,2023-11-30T11:13:03Z
usr4428,PushEvent,2023-11-29T18:55:19Z
usr4428,PushEvent,2023-11-29T18:45:47Z
usr4428,PushEvent,2023-11-29T14:06:53Z
usr4428,PushEvent,2023-11-29T14:01:17Z
usr4428,PushEvent,2023-11-28T17:56:56Z
usr4428,CreateEvent,2023-11-28T17:24:51Z
usr4428,CreateEvent,2023-11-28T17:24:29Z
usr4428,IssueCommentEvent,2023-11-25T11:18:59Z
usr4428,PushEvent,2023-10-28T09:43:15Z
usr4429,PushEvent,2024-01-16T14:31:10Z
usr4429,PushEvent,2024-01-16T14:24:47Z
usr4429,PushEvent,2024-01-16T14:06:15Z
usr4429,PushEvent,2024-01-16T13:54:07Z
usr4429,PushEvent,2024-01-16T06:50:32Z
usr4429,CreateEvent,2024-01-16T06:47:09Z
usr4429,CreateEvent,2024-01-16T06:45:17Z
usr4429,CreateEvent,2024-01-08T11:03:48Z
usr4429,CreateEvent,2024-01-08T11:00:38Z
usr4429,WatchEvent,2024-01-01T12:13:50Z
usr4429,PushEvent,2024-01-01T11:57:45Z
usr4429,PullRequestEvent,2024-01-01T11:57:44Z
usr4429,PullRequestEvent,2024-01-01T11:57:37Z
usr4429,PushEvent,2024-01-01T11:53:26Z
usr4429,PushEvent,2024-01-01T11:49:08Z
usr4429,PushEvent,2024-01-01T11:45:28Z
usr4429,PushEvent,2024-01-01T11:40:09Z
usr4429,PullRequestEvent,2024-01-01T11:40:07Z
usr4429,PullRequestEvent,2024-01-01T11:38:23Z
usr4429,CreateEvent,2024-01-01T11:38:02Z
usr4429,DeleteEvent,2024-01-01T10:37:44Z
usr4429,CreateEvent,2024-01-01T10:37:41Z
usr4429,DeleteEvent,2024-01-01T10:37:30Z
usr4429,CreateEvent,2024-01-01T10:04:10Z
usr4429,CreateEvent,2024-01-01T09:01:45Z
usr4429,CreateEvent,2024-01-01T08:34:59Z
usr4429,PushEvent,2023-12-19T11:36:59Z
usr4429,PushEvent,2023-12-19T07:37:00Z
usr4429,PushEvent,2023-12-19T04:22:35Z
usr4429,PushEvent,2023-12-18T13:11:24Z
usr4429,PushEvent,2023-12-18T04:35:43Z
usr4429,PushEvent,2023-12-17T10:51:41Z
usr4429,PushEvent,2023-12-17T10:34:35Z
usr4429,PushEvent,2023-12-17T07:25:08Z
usr4429,PushEvent,2023-12-17T07:22:08Z
usr4429,PushEvent,2023-12-17T06:20:15Z
usr4429,PushEvent,2023-12-16T08:45:42Z
usr4429,PushEvent,2023-12-15T16:11:43Z
usr4429,PushEvent,2023-12-15T05:01:04Z
usr4429,PushEvent,2023-12-13T20:18:30Z
usr4429,PushEvent,2023-12-13T19:09:41Z
usr4429,PushEvent,2023-12-13T16:19:54Z
usr4429,PushEvent,2023-12-12T12:32:10Z
usr4429,PushEvent,2023-12-11T12:21:46Z
usr4429,PushEvent,2023-12-10T09:00:13Z
usr4429,PushEvent,2023-12-09T15:34:36Z
usr4429,PushEvent,2023-12-08T05:57:47Z
usr4429,PushEvent,2023-12-08T04:03:25Z
usr4429,PushEvent,2023-12-07T10:47:33Z
usr4429,PushEvent,2023-12-06T12:19:58Z
usr4429,PushEvent,2023-12-05T20:37:39Z
usr4429,PushEvent,2023-12-05T04:32:44Z
usr4429,PushEvent,2023-12-01T10:01:25Z
usr4429,PushEvent,2023-12-01T07:43:43Z
usr4429,PushEvent,2023-11-30T19:44:22Z
usr4429,PushEvent,2023-11-30T19:41:16Z
usr4429,PushEvent,2023-11-30T19:37:34Z
usr4429,PushEvent,2023-11-30T11:29:04Z
usr4429,PushEvent,2023-11-26T19:19:47Z
usr4429,DeleteEvent,2023-11-24T21:08:00Z
usr4429,CreateEvent,2023-11-24T21:05:43Z
usr4429,PushEvent,2023-11-24T21:03:04Z
usr4429,PushEvent,2023-11-23T19:39:46Z
usr4429,PushEvent,2023-11-23T18:54:04Z
usr4429,PushEvent,2023-11-23T05:29:39Z
usr4429,PushEvent,2023-11-22T19:50:35Z
usr4429,PushEvent,2023-11-22T05:17:17Z
usr4429,PushEvent,2023-11-14T04:15:56Z
usr4429,PushEvent,2023-11-07T12:41:10Z
usr4429,CreateEvent,2023-11-07T10:03:27Z
usr4429,CreateEvent,2023-11-07T09:57:47Z
usr4433,WatchEvent,2023-12-12T19:16:58Z
usr4433,WatchEvent,2023-12-12T19:16:56Z
usr4433,WatchEvent,2023-12-12T19:16:55Z
usr4433,WatchEvent,2023-12-12T19:16:54Z
usr4433,WatchEvent,2023-12-12T19:16:52Z
usr4433,WatchEvent,2023-12-12T19:16:50Z
usr4433,WatchEvent,2023-12-12T19:16:49Z
usr4433,WatchEvent,2023-12-12T19:16:47Z
usr4433,WatchEvent,2023-12-12T19:16:46Z
usr4433,WatchEvent,2023-12-12T19:16:44Z
usr4433,CreateEvent,2023-12-12T15:34:52Z
usr4433,CreateEvent,2023-12-12T15:28:56Z
usr4433,CreateEvent,2023-12-12T15:14:11Z
usr4433,CreateEvent,2023-12-12T15:12:32Z
usr4433,CreateEvent,2023-12-12T15:10:24Z
usr4433,CreateEvent,2023-12-12T15:09:10Z
usr4433,CreateEvent,2023-12-12T15:05:45Z
usr4433,CreateEvent,2023-12-12T15:04:49Z
usr4433,CreateEvent,2023-12-12T14:57:58Z
usr4433,CreateEvent,2023-12-12T14:56:59Z
usr4433,CreateEvent,2023-12-12T14:50:18Z
usr4433,CreateEvent,2023-12-12T14:49:00Z
usr4433,CreateEvent,2023-12-12T14:44:57Z
usr4433,CreateEvent,2023-12-12T14:42:38Z
usr4433,CreateEvent,2023-12-12T14:31:40Z
usr4433,CreateEvent,2023-12-12T14:18:06Z
usr4433,CreateEvent,2023-12-11T21:57:06Z
usr4433,CreateEvent,2023-12-11T21:57:05Z
usr4435,PushEvent,2023-11-16T10:43:24Z
usr4435,CreateEvent,2023-11-16T10:43:06Z
usr4435,CreateEvent,2023-11-16T10:43:05Z
usr4435,PushEvent,2023-11-15T10:59:52Z
usr4438,ForkEvent,2024-01-16T01:27:29Z
usr4438,WatchEvent,2024-01-16T01:27:22Z
usr4438,PushEvent,2023-12-10T23:30:25Z
usr4438,PushEvent,2023-12-10T23:29:37Z
usr4438,PushEvent,2023-12-10T23:11:08Z
usr4438,PushEvent,2023-12-10T14:40:22Z
usr4438,PushEvent,2023-12-09T23:25:54Z
usr4438,PushEvent,2023-12-08T19:51:43Z
usr4438,PushEvent,2023-12-08T19:45:55Z
usr4438,PushEvent,2023-12-04T06:04:24Z
usr4438,PushEvent,2023-12-04T06:03:57Z
usr4438,PushEvent,2023-11-29T23:47:38Z
usr4438,WatchEvent,2023-11-22T15:49:46Z
usr4438,PushEvent,2023-11-21T11:03:40Z
usr4438,PushEvent,2023-11-21T10:51:55Z
usr4438,PushEvent,2023-11-19T20:09:03Z
usr4438,WatchEvent,2023-11-15T00:56:31Z
usr4439,WatchEvent,2023-11-23T19:36:55Z
usr4441,None,None
usr4442,PushEvent,2023-12-20T21:23:42Z
usr4442,PushEvent,2023-12-20T21:17:33Z
usr4443,None,None
usr4445,None,None
usr4447,PushEvent,2023-10-17T06:54:06Z
usr4447,PushEvent,2023-10-17T06:53:42Z
usr4447,PushEvent,2023-10-17T06:44:43Z
usr4447,PushEvent,2023-10-17T06:44:34Z
usr4447,PushEvent,2023-10-17T06:44:11Z
usr4447,PushEvent,2023-10-17T06:40:33Z
usr4447,PushEvent,2023-10-17T06:36:45Z
usr4447,PushEvent,2023-10-17T06:34:42Z
usr4447,PushEvent,2023-10-17T06:33:21Z
usr4448,CreateEvent,2023-11-16T10:46:23Z
usr4448,CreateEvent,2023-11-16T10:46:00Z
usr4448,CreateEvent,2023-11-14T12:32:48Z
usr4448,CreateEvent,2023-11-14T12:31:53Z
usr4450,None,None
usr4452,None,None
usr4453,PushEvent,2024-01-16T07:01:02Z
usr4453,PushEvent,2024-01-16T06:46:10Z
usr4453,CreateEvent,2024-01-14T19:25:18Z
usr4453,CreateEvent,2024-01-14T19:13:16Z
usr4453,CreateEvent,2024-01-14T18:58:43Z
usr4453,CreateEvent,2024-01-14T18:43:05Z
usr4453,PushEvent,2024-01-14T14:00:18Z
usr4453,PushEvent,2024-01-13T19:30:05Z
usr4453,PushEvent,2024-01-13T16:55:43Z
usr4453,PushEvent,2024-01-12T05:48:02Z
usr4453,PushEvent,2024-01-11T14:54:19Z
usr4453,PushEvent,2024-01-11T14:04:57Z
usr4453,PushEvent,2024-01-10T11:56:44Z
usr4453,PushEvent,2024-01-10T08:24:51Z
usr4453,PushEvent,2024-01-10T08:10:12Z
usr4453,PushEvent,2024-01-10T06:33:03Z
usr4453,PushEvent,2024-01-10T06:23:29Z
usr4453,PushEvent,2024-01-09T10:08:15Z
usr4453,PushEvent,2024-01-09T09:56:11Z
usr4453,PushEvent,2024-01-09T09:52:27Z
usr4453,PushEvent,2024-01-09T09:47:36Z
usr4453,PushEvent,2024-01-08T09:48:01Z
usr4453,PushEvent,2024-01-08T08:04:56Z
usr4453,PushEvent,2024-01-07T09:31:08Z
usr4453,PushEvent,2024-01-06T14:22:41Z
usr4453,PushEvent,2024-01-05T13:32:18Z
usr4453,PushEvent,2024-01-04T18:21:55Z
usr4453,PushEvent,2024-01-04T06:39:48Z
usr4453,CreateEvent,2024-01-03T21:08:23Z
usr4453,CreateEvent,2024-01-03T21:05:56Z
usr4453,CreateEvent,2024-01-03T19:12:12Z
usr4453,CreateEvent,2024-01-03T19:08:44Z
usr4453,PushEvent,2024-01-03T11:42:03Z
usr4453,PushEvent,2024-01-01T12:17:20Z
usr4453,PushEvent,2023-12-31T13:05:52Z
usr4453,PushEvent,2023-12-30T17:03:58Z
usr4453,PushEvent,2023-12-30T16:49:29Z
usr4453,PushEvent,2023-12-30T16:11:15Z
usr4453,PushEvent,2023-12-30T16:02:25Z
usr4453,PushEvent,2023-12-30T15:48:44Z
usr4453,PushEvent,2023-12-30T15:34:07Z
usr4453,PushEvent,2023-12-30T12:17:53Z
usr4453,PushEvent,2023-12-30T12:14:02Z
usr4453,PushEvent,2023-12-30T12:06:21Z
usr4453,CreateEvent,2023-12-30T11:16:26Z
usr4453,CreateEvent,2023-12-30T11:06:03Z
usr4453,PushEvent,2023-12-25T12:46:36Z
usr4453,PushEvent,2023-12-25T11:14:04Z
usr4453,PushEvent,2023-12-25T09:44:35Z
usr4453,PushEvent,2023-12-25T08:30:13Z
usr4453,PushEvent,2023-12-21T06:09:46Z
usr4453,PushEvent,2023-12-21T05:48:16Z
usr4453,PushEvent,2023-12-21T05:26:48Z
usr4453,PushEvent,2023-12-21T05:12:34Z
usr4453,PushEvent,2023-12-21T04:56:14Z
usr4453,PushEvent,2023-12-21T04:39:32Z
usr4453,PushEvent,2023-12-18T12:24:37Z
usr4453,PushEvent,2023-12-18T08:02:20Z
usr4453,PushEvent,2023-12-18T07:58:56Z
usr4453,PushEvent,2023-12-17T18:57:40Z
usr4453,PushEvent,2023-12-17T16:45:29Z
usr4453,PushEvent,2023-12-17T15:18:53Z
usr4453,PushEvent,2023-12-15T14:32:32Z
usr4453,PushEvent,2023-12-15T13:04:35Z
usr4453,PushEvent,2023-12-15T10:18:39Z
usr4453,PushEvent,2023-12-15T09:55:38Z
usr4453,PushEvent,2023-12-15T09:44:15Z
usr4453,PushEvent,2023-12-15T09:39:31Z
usr4453,CreateEvent,2023-12-15T09:32:55Z
usr4453,CreateEvent,2023-12-15T09:15:38Z
usr4453,CreateEvent,2023-12-06T05:57:02Z
usr4453,CreateEvent,2023-12-06T05:46:56Z
usr4453,PushEvent,2023-11-27T09:16:23Z
usr4453,CreateEvent,2023-11-19T16:25:07Z
usr4453,CreateEvent,2023-11-19T16:15:16Z
usr4453,PushEvent,2023-11-17T14:54:49Z
usr4453,PushEvent,2023-11-17T10:45:14Z
usr4453,PushEvent,2023-11-17T10:26:25Z
usr4453,PushEvent,2023-11-17T10:17:10Z
usr4453,CreateEvent,2023-11-17T10:06:14Z
usr4453,CreateEvent,2023-11-17T10:02:02Z
usr4453,PushEvent,2023-11-17T08:46:35Z
usr4453,PushEvent,2023-11-17T07:09:33Z
usr4453,CreateEvent,2023-11-17T06:57:25Z
usr4453,CreateEvent,2023-11-17T06:54:41Z
usr4453,PushEvent,2023-11-16T19:59:22Z
usr4453,PushEvent,2023-11-16T19:00:10Z
usr4453,PushEvent,2023-11-16T06:39:48Z
usr4453,PushEvent,2023-11-16T06:38:53Z
usr4453,PushEvent,2023-11-15T21:51:28Z
usr4453,PushEvent,2023-11-15T21:50:29Z
usr4453,PushEvent,2023-11-15T21:25:01Z
usr4453,PushEvent,2023-11-15T21:05:21Z
usr4453,PushEvent,2023-11-15T21:02:50Z
usr4453,PushEvent,2023-11-15T20:39:03Z
usr4453,PushEvent,2023-11-15T20:37:01Z
usr4453,PushEvent,2023-11-15T11:41:10Z
usr4453,PushEvent,2023-11-15T11:26:55Z
usr4453,PushEvent,2023-11-15T11:05:57Z
usr4453,PushEvent,2023-11-15T10:41:20Z
usr4453,PushEvent,2023-11-15T09:43:15Z
usr4453,PushEvent,2023-11-15T08:57:07Z
usr4453,PushEvent,2023-11-15T08:41:52Z
usr4453,PushEvent,2023-11-15T08:32:40Z
usr4453,CreateEvent,2023-11-15T08:24:56Z
usr4453,CreateEvent,2023-11-15T07:53:19Z
usr4453,PushEvent,2023-11-12T16:24:22Z
usr4453,PushEvent,2023-11-11T15:36:39Z
usr4453,PushEvent,2023-11-11T15:35:51Z
usr4453,PushEvent,2023-11-11T15:32:30Z
usr4453,PushEvent,2023-11-11T15:13:26Z
usr4453,PushEvent,2023-11-11T15:11:37Z
usr4453,PushEvent,2023-11-10T06:29:13Z
usr4453,PushEvent,2023-11-09T12:53:24Z
usr4453,PushEvent,2023-11-09T12:30:16Z
usr4453,PushEvent,2023-11-09T08:30:02Z
usr4453,PushEvent,2023-11-08T19:52:13Z
usr4453,PushEvent,2023-11-08T14:18:39Z
usr4453,PushEvent,2023-11-06T12:50:09Z
usr4453,PushEvent,2023-11-06T12:31:32Z
usr4453,PushEvent,2023-11-06T08:47:50Z
usr4453,PushEvent,2023-11-06T08:33:39Z
usr4453,PushEvent,2023-11-05T20:00:14Z
usr4453,PushEvent,2023-11-04T05:54:08Z
usr4453,CreateEvent,2023-11-04T05:48:44Z
usr4453,CreateEvent,2023-11-04T05:13:44Z
usr4453,PushEvent,2023-10-29T15:34:26Z
usr4453,PushEvent,2023-10-29T13:38:32Z
usr4453,PushEvent,2023-10-29T13:20:48Z
usr4453,PushEvent,2023-10-29T12:37:42Z
usr4453,CreateEvent,2023-10-29T12:13:54Z
usr4453,CreateEvent,2023-10-29T12:10:35Z
usr4453,PushEvent,2023-10-23T17:09:44Z
usr4453,PushEvent,2023-10-19T21:52:27Z
usr4453,PushEvent,2023-10-19T21:38:13Z
usr4453,PushEvent,2023-10-19T21:34:49Z
usr4453,PushEvent,2023-10-19T19:17:46Z
usr4453,PushEvent,2023-10-19T19:09:27Z
usr4453,PushEvent,2023-10-19T18:34:10Z
usr4453,PushEvent,2023-10-19T18:13:38Z
usr4453,PushEvent,2023-10-19T17:36:54Z
usr4453,PushEvent,2023-10-19T16:43:13Z
usr4453,PushEvent,2023-10-19T16:16:42Z
usr4453,PushEvent,2023-10-19T16:06:26Z
usr4453,PushEvent,2023-10-19T15:58:43Z
usr4453,PushEvent,2023-10-19T14:24:29Z
usr4453,PushEvent,2023-10-19T14:23:19Z
usr4453,PushEvent,2023-10-19T14:19:49Z
usr4453,PushEvent,2023-10-19T14:19:16Z
usr4453,PushEvent,2023-10-19T14:18:02Z
usr4453,PushEvent,2023-10-19T14:17:14Z
usr4453,PushEvent,2023-10-19T14:16:31Z
usr4453,PushEvent,2023-10-19T14:13:41Z
usr4453,PushEvent,2023-10-19T14:12:35Z
usr4453,PushEvent,2023-10-19T14:04:58Z
usr4453,PushEvent,2023-10-19T13:58:46Z
usr4453,PushEvent,2023-10-19T13:54:14Z
usr4453,CreateEvent,2023-10-19T13:27:14Z
usr4453,CreateEvent,2023-10-19T13:13:31Z
usr4453,PushEvent,2023-10-19T13:11:51Z
usr4453,PushEvent,2023-10-19T12:19:32Z
usr4453,PushEvent,2023-10-19T09:10:06Z
usr4453,PushEvent,2023-10-19T08:57:24Z
usr4453,PushEvent,2023-10-19T08:20:03Z
usr4453,PushEvent,2023-10-19T08:02:22Z
usr4453,PushEvent,2023-10-19T07:31:42Z
usr4453,PushEvent,2023-10-18T20:38:32Z
usr4453,PushEvent,2023-10-18T20:27:40Z
usr4453,PushEvent,2023-10-18T20:21:08Z
usr4453,PushEvent,2023-10-18T19:34:28Z
usr4453,PushEvent,2023-10-18T18:07:47Z
usr4453,PushEvent,2023-10-18T17:31:29Z
usr4453,PushEvent,2023-10-18T16:27:30Z
usr4453,PushEvent,2023-10-18T15:52:01Z
usr4453,PushEvent,2023-10-18T15:42:06Z
usr4453,PushEvent,2023-10-18T15:40:04Z
usr4453,PushEvent,2023-10-18T14:55:05Z
usr4453,PushEvent,2023-10-18T14:50:05Z
usr4453,PushEvent,2023-10-18T12:26:35Z
usr4453,PushEvent,2023-10-18T00:18:05Z
usr4453,PushEvent,2023-10-17T23:24:14Z
usr4453,PushEvent,2023-10-17T23:07:44Z
usr4453,PushEvent,2023-10-17T21:58:14Z
usr4453,PushEvent,2023-10-17T21:14:29Z
usr4453,PushEvent,2023-10-17T20:43:31Z
usr4453,PushEvent,2023-10-17T19:18:19Z
usr4453,PushEvent,2023-10-17T19:05:54Z
usr4453,PushEvent,2023-10-17T18:32:37Z
usr4453,PushEvent,2023-10-17T16:46:30Z
usr4453,PushEvent,2023-10-17T15:07:01Z
usr4453,PushEvent,2023-10-17T14:19:47Z
usr4453,PushEvent,2023-10-17T14:06:35Z
usr4453,PushEvent,2023-10-17T13:54:55Z
usr4453,PushEvent,2023-10-17T13:46:24Z
usr4453,PushEvent,2023-10-17T13:18:22Z
usr4453,PushEvent,2023-10-17T13:12:27Z
usr4453,PushEvent,2023-10-17T12:59:26Z
usr4453,PushEvent,2023-10-17T10:59:31Z
usr4453,PushEvent,2023-10-17T10:56:26Z
usr4453,PushEvent,2023-10-17T10:39:42Z
usr4453,PushEvent,2023-10-17T10:33:20Z
usr4453,PushEvent,2023-10-17T10:15:15Z
usr4453,PushEvent,2023-10-17T10:00:47Z
usr4453,PushEvent,2023-10-17T09:54:48Z
usr4453,PushEvent,2023-10-17T09:48:53Z
usr4453,CreateEvent,2023-10-17T09:40:07Z
usr4453,CreateEvent,2023-10-17T09:25:30Z
usr4453,PushEvent,2023-10-16T22:09:07Z
usr4453,PushEvent,2023-10-16T22:03:12Z
usr4453,PushEvent,2023-10-16T21:49:15Z
usr4453,PushEvent,2023-10-16T21:19:08Z
usr4453,PushEvent,2023-10-16T21:04:32Z
usr4453,PushEvent,2023-10-16T20:38:46Z
usr4453,PushEvent,2023-10-16T20:24:50Z
usr4453,PushEvent,2023-10-16T20:08:26Z
usr4453,PushEvent,2023-10-16T17:56:07Z
usr4453,PushEvent,2023-10-16T15:51:35Z
usr4453,PushEvent,2023-10-16T14:50:17Z
usr4454,None,None
usr4456,None,None
usr4457,None,None
usr4458,None,None
usr4459,WatchEvent,2024-01-09T17:23:48Z
usr4459,WatchEvent,2024-01-09T07:38:58Z
usr4459,WatchEvent,2023-12-14T17:07:17Z
usr4459,PushEvent,2023-12-01T18:13:07Z
usr4459,PullRequestEvent,2023-12-01T18:13:06Z
usr4459,PullRequestEvent,2023-12-01T18:12:56Z
usr4459,PushEvent,2023-11-30T20:20:48Z
usr4459,WatchEvent,2023-11-30T11:19:33Z
usr4459,PushEvent,2023-11-28T20:05:13Z
usr4459,PullRequestEvent,2023-11-28T20:05:12Z
usr4459,PullRequestEvent,2023-11-28T20:04:34Z
usr4459,PushEvent,2023-11-28T20:04:01Z
usr4459,PushEvent,2023-11-28T19:45:36Z
usr4459,PullRequestEvent,2023-11-28T19:44:09Z
usr4459,PushEvent,2023-11-28T19:44:10Z
usr4459,PullRequestEvent,2023-11-28T19:42:58Z
usr4459,PushEvent,2023-11-28T19:42:28Z
usr4459,PushEvent,2023-11-28T10:34:00Z
usr4459,PullRequestEvent,2023-11-28T10:33:59Z
usr4459,PushEvent,2023-11-28T10:31:05Z
usr4459,PullRequestEvent,2023-11-28T10:29:19Z
usr4459,PushEvent,2023-11-28T10:28:53Z
usr4459,CreateEvent,2023-11-28T10:02:17Z
usr4459,PushEvent,2023-11-28T09:15:25Z
usr4459,PushEvent,2023-11-28T09:06:19Z
usr4459,CreateEvent,2023-11-28T09:04:45Z
usr4459,CreateEvent,2023-11-28T09:02:16Z
usr4459,WatchEvent,2023-11-27T18:03:46Z
usr4459,PushEvent,2023-11-26T19:13:38Z
usr4459,WatchEvent,2023-11-26T10:51:07Z
usr4459,CreateEvent,2023-11-26T08:18:20Z
usr4459,CreateEvent,2023-11-26T08:18:18Z
usr4459,CreateEvent,2023-11-26T08:17:40Z
usr4459,PushEvent,2023-11-24T18:40:11Z
usr4459,PullRequestEvent,2023-11-24T18:40:10Z
usr4459,PullRequestReviewEvent,2023-11-24T18:40:04Z
usr4459,WatchEvent,2023-11-19T05:37:18Z
usr4459,DeleteEvent,2023-11-08T18:58:45Z
usr4459,PushEvent,2023-11-08T18:58:42Z
usr4459,PullRequestEvent,2023-11-08T18:58:41Z
usr4459,WatchEvent,2023-11-05T05:50:28Z
usr4459,DeleteEvent,2023-11-04T11:51:48Z
usr4459,PushEvent,2023-11-04T11:51:44Z
usr4459,PullRequestEvent,2023-11-04T11:51:44Z
usr4459,WatchEvent,2023-10-30T15:11:04Z
usr4459,WatchEvent,2023-10-29T18:20:45Z
usr4459,PushEvent,2023-10-28T06:39:15Z
usr4459,PushEvent,2023-10-26T19:04:48Z
usr4459,DeleteEvent,2023-10-26T18:55:49Z
usr4459,PullRequestEvent,2023-10-26T18:55:32Z
usr4459,PushEvent,2023-10-26T18:55:33Z
usr4459,PullRequestEvent,2023-10-26T18:55:17Z
usr4459,PushEvent,2023-10-26T18:54:21Z
usr4459,PushEvent,2023-10-26T07:39:21Z
usr4459,CreateEvent,2023-10-26T07:04:09Z
usr4459,WatchEvent,2023-10-21T06:40:02Z
usr4459,WatchEvent,2023-10-19T13:09:13Z
usr4459,DeleteEvent,2023-10-18T18:15:34Z
usr4459,PushEvent,2023-10-18T18:15:31Z
usr4459,PullRequestEvent,2023-10-18T18:15:31Z
usr4459,PullRequestEvent,2023-10-18T18:14:48Z
usr4459,PushEvent,2023-10-18T18:14:49Z
usr4460,PushEvent,2023-11-01T19:51:36Z
usr4460,PushEvent,2023-11-01T19:44:38Z
usr4461,None,None
usr4462,WatchEvent,2024-01-03T09:21:57Z
usr4462,PushEvent,2023-12-07T18:49:11Z
usr4462,PushEvent,2023-12-06T18:56:19Z
usr4462,PushEvent,2023-12-04T18:43:13Z
usr4462,PushEvent,2023-12-03T13:52:32Z
usr4462,PushEvent,2023-12-03T13:46:36Z
usr4462,PushEvent,2023-12-03T13:42:11Z
usr4462,PushEvent,2023-12-03T13:09:04Z
usr4462,PushEvent,2023-12-02T19:00:05Z
usr4462,PushEvent,2023-12-02T18:55:46Z
usr4462,PushEvent,2023-12-02T18:51:05Z
usr4462,PushEvent,2023-11-30T18:14:48Z
usr4462,PushEvent,2023-11-30T18:12:04Z
usr4462,PushEvent,2023-11-29T19:08:38Z
usr4462,PushEvent,2023-11-27T20:17:02Z
usr4462,PushEvent,2023-11-26T13:36:31Z
usr4465,PublicEvent,2023-12-16T14:33:05Z
usr4465,CreateEvent,2023-12-16T14:15:22Z
usr4465,CreateEvent,2023-12-16T14:15:21Z
usr4465,PushEvent,2023-12-16T13:37:43Z
usr4465,CreateEvent,2023-11-11T19:40:31Z
usr4465,CreateEvent,2023-11-11T19:40:30Z
usr4466,PushEvent,2024-01-16T20:34:58Z
usr4466,PushEvent,2024-01-16T20:34:14Z
usr4466,PushEvent,2024-01-15T10:37:56Z
usr4466,PushEvent,2024-01-15T10:37:04Z
usr4466,PushEvent,2024-01-14T13:19:17Z
usr4466,PushEvent,2024-01-14T13:18:34Z
usr4466,PushEvent,2024-01-13T22:17:50Z
usr4466,PushEvent,2024-01-13T22:16:59Z
usr4466,PushEvent,2024-01-12T19:07:09Z
usr4466,PushEvent,2024-01-12T19:06:22Z
usr4466,PushEvent,2024-01-11T10:35:45Z
usr4466,PushEvent,2024-01-11T10:34:42Z
usr4466,PushEvent,2024-01-10T14:34:43Z
usr4466,PushEvent,2024-01-10T14:33:37Z
usr4466,PushEvent,2024-01-10T14:32:36Z
usr4466,PushEvent,2024-01-09T06:01:12Z
usr4466,PushEvent,2024-01-06T12:40:34Z
usr4466,PushEvent,2024-01-06T12:40:22Z
usr4466,PushEvent,2024-01-05T15:45:02Z
usr4466,PushEvent,2024-01-04T14:56:30Z
usr4466,PushEvent,2024-01-04T13:26:58Z
usr4466,PushEvent,2024-01-04T13:25:26Z
usr4466,PushEvent,2024-01-04T13:22:24Z
usr4466,PushEvent,2024-01-04T13:19:45Z
usr4466,PushEvent,2024-01-04T13:09:37Z
usr4466,PushEvent,2024-01-04T11:03:50Z
usr4466,PushEvent,2024-01-04T11:01:49Z
usr4466,PushEvent,2024-01-04T11:00:26Z
usr4466,PushEvent,2024-01-04T10:59:43Z
usr4466,PushEvent,2024-01-04T10:56:44Z
usr4466,PushEvent,2024-01-04T10:52:44Z
usr4466,PushEvent,2024-01-04T10:52:04Z
usr4466,PushEvent,2024-01-04T10:50:45Z
usr4466,CreateEvent,2024-01-04T10:41:18Z
usr4466,CreateEvent,2024-01-04T10:41:17Z
usr4466,PushEvent,2024-01-04T05:54:11Z
usr4466,PushEvent,2024-01-04T05:52:58Z
usr4466,PushEvent,2024-01-03T13:20:43Z
usr4466,PushEvent,2024-01-03T13:19:31Z
usr4466,PushEvent,2024-01-02T08:09:14Z
usr4466,PushEvent,2024-01-02T08:07:58Z
usr4466,PushEvent,2024-01-01T17:11:36Z
usr4466,PushEvent,2024-01-01T17:10:46Z
usr4466,PushEvent,2023-12-31T12:42:07Z
usr4466,PushEvent,2023-12-31T12:40:52Z
usr4466,PushEvent,2023-12-29T19:21:07Z
usr4466,PushEvent,2023-12-29T19:20:15Z
usr4466,PushEvent,2023-12-28T14:38:40Z
usr4466,PushEvent,2023-12-28T14:18:27Z
usr4466,PushEvent,2023-12-27T09:53:08Z
usr4466,PushEvent,2023-12-27T09:52:10Z
usr4466,PushEvent,2023-12-26T13:20:58Z
usr4466,PushEvent,2023-12-26T13:19:57Z
usr4466,PushEvent,2023-12-25T14:07:54Z
usr4466,PushEvent,2023-12-25T14:07:05Z
usr4466,PushEvent,2023-12-24T11:45:56Z
usr4466,PushEvent,2023-12-24T11:45:07Z
usr4466,PushEvent,2023-12-23T15:05:10Z
usr4466,PushEvent,2023-12-23T15:04:16Z
usr4466,PushEvent,2023-12-21T14:00:11Z
usr4466,PushEvent,2023-12-21T13:59:17Z
usr4466,PushEvent,2023-12-20T12:07:32Z
usr4466,PushEvent,2023-12-20T12:06:37Z
usr4466,PushEvent,2023-12-19T12:01:30Z
usr4466,PushEvent,2023-12-19T12:00:17Z
usr4466,PushEvent,2023-12-18T12:05:51Z
usr4466,PushEvent,2023-12-18T12:05:01Z
usr4466,PushEvent,2023-12-17T11:35:15Z
usr4466,PushEvent,2023-12-17T11:34:27Z
usr4466,PushEvent,2023-12-16T12:04:56Z
usr4466,PushEvent,2023-12-16T12:03:53Z
usr4466,PushEvent,2023-12-15T17:04:54Z
usr4466,PushEvent,2023-12-15T17:03:53Z
usr4466,PushEvent,2023-12-14T05:36:30Z
usr4466,PushEvent,2023-12-14T05:34:25Z
usr4466,PushEvent,2023-12-13T10:49:51Z
usr4466,PushEvent,2023-12-13T10:48:35Z
usr4466,PushEvent,2023-12-13T00:26:29Z
usr4466,PushEvent,2023-12-12T09:12:19Z
usr4466,PushEvent,2023-12-12T09:11:15Z
usr4466,PushEvent,2023-12-11T13:12:57Z
usr4466,PushEvent,2023-12-11T13:11:49Z
usr4466,PushEvent,2023-12-11T02:20:35Z
usr4466,PushEvent,2023-12-11T02:19:35Z
usr4466,WatchEvent,2023-12-10T14:16:57Z
usr4466,WatchEvent,2023-12-10T14:16:53Z
usr4466,PushEvent,2023-12-10T11:04:18Z
usr4466,PushEvent,2023-12-10T11:03:01Z
usr4466,PushEvent,2023-12-09T22:47:12Z
usr4466,PushEvent,2023-12-09T22:46:08Z
usr4466,PushEvent,2023-12-09T00:52:05Z
usr4466,WatchEvent,2023-12-08T04:57:20Z
usr4466,PushEvent,2023-12-08T04:56:06Z
usr4466,PushEvent,2023-12-08T04:55:01Z
usr4466,PushEvent,2023-12-07T12:37:53Z
usr4466,PushEvent,2023-12-07T12:36:36Z
usr4466,PushEvent,2023-12-06T18:32:34Z
usr4466,PushEvent,2023-12-06T18:30:24Z
usr4466,PushEvent,2023-12-06T18:27:47Z
usr4466,PushEvent,2023-12-06T18:25:52Z
usr4466,PushEvent,2023-12-06T18:24:14Z
usr4466,PushEvent,2023-12-06T16:19:11Z
usr4466,PushEvent,2023-12-06T02:40:08Z
usr4466,PushEvent,2023-12-06T02:22:36Z
usr4466,CreateEvent,2023-12-06T02:11:49Z
usr4466,CreateEvent,2023-12-06T02:11:47Z
usr4466,PushEvent,2023-11-24T15:41:10Z
usr4466,PushEvent,2023-11-24T14:29:42Z
usr4466,PushEvent,2023-11-24T12:38:36Z
usr4466,PushEvent,2023-11-24T11:58:42Z
usr4466,PushEvent,2023-11-24T11:14:23Z
usr4466,PushEvent,2023-11-24T10:05:51Z
usr4466,PushEvent,2023-11-24T09:53:08Z
usr4466,PushEvent,2023-11-20T23:27:39Z
usr4466,PushEvent,2023-11-20T23:21:27Z
usr4466,PushEvent,2023-11-20T23:19:41Z
usr4466,PushEvent,2023-11-20T23:01:49Z
usr4466,CreateEvent,2023-11-20T23:01:04Z
usr4466,CreateEvent,2023-11-20T23:01:02Z
usr4466,PushEvent,2023-11-19T12:55:30Z
usr4466,PushEvent,2023-11-18T12:40:31Z
usr4466,PushEvent,2023-11-17T12:49:46Z
usr4466,PushEvent,2023-11-16T21:14:12Z
usr4466,PushEvent,2023-11-16T20:48:19Z
usr4466,PushEvent,2023-11-16T15:03:44Z
usr4466,PushEvent,2023-11-15T21:48:23Z
usr4466,PushEvent,2023-11-15T17:00:58Z
usr4466,CreateEvent,2023-11-11T22:06:09Z
usr4466,CreateEvent,2023-11-11T21:50:42Z
usr4466,PullRequestEvent,2023-11-10T16:54:56Z
usr4466,CreateEvent,2023-11-07T16:05:47Z
usr4466,CreateEvent,2023-11-07T16:05:47Z
usr4466,MemberEvent,2023-10-16T22:09:32Z
usr4468,CreateEvent,2024-01-11T18:52:53Z
usr4468,CreateEvent,2024-01-11T18:52:51Z
usr4468,PushEvent,2024-01-02T20:01:52Z
usr4468,PushEvent,2024-01-02T19:32:54Z
usr4468,PushEvent,2023-11-28T09:42:32Z
usr4468,CreateEvent,2023-11-28T09:40:52Z
usr4468,CreateEvent,2023-11-28T09:39:52Z
usr4468,PushEvent,2023-11-26T17:50:26Z
usr4468,PushEvent,2023-11-26T16:32:27Z
usr4468,CreateEvent,2023-11-04T10:18:04Z
usr4468,CreateEvent,2023-11-04T10:18:04Z
usr4468,CreateEvent,2023-11-03T20:06:57Z
usr4468,CreateEvent,2023-11-03T20:06:55Z
usr4470,None,None
usr4471,PushEvent,2023-12-01T10:00:02Z
usr4471,PushEvent,2023-12-01T09:56:05Z
usr4471,PushEvent,2023-12-01T09:47:02Z
usr4471,PushEvent,2023-12-01T09:31:02Z
usr4471,PushEvent,2023-12-01T09:23:20Z
usr4471,CreateEvent,2023-12-01T09:22:55Z
usr4471,CreateEvent,2023-12-01T09:22:52Z
usr4472,ForkEvent,2023-10-23T14:52:27Z
usr4473,PushEvent,2024-01-06T12:08:09Z
usr4473,PushEvent,2024-01-06T11:58:41Z
usr4473,CreateEvent,2024-01-06T11:58:10Z
usr4473,CreateEvent,2024-01-06T11:58:08Z
usr4473,PushEvent,2023-11-23T14:38:28Z
usr4473,PushEvent,2023-11-23T14:29:16Z
usr4473,PushEvent,2023-11-23T14:22:31Z
usr4473,CreateEvent,2023-11-23T14:21:11Z
usr4473,CreateEvent,2023-11-23T14:21:10Z
usr4474,None,None
usr4475,None,None
usr4476,PushEvent,2023-12-14T06:36:13Z
usr4476,PushEvent,2023-11-23T06:15:05Z
usr4476,CreateEvent,2023-11-18T11:04:03Z
usr4476,CreateEvent,2023-11-18T10:54:11Z
usr4478,None,None
usr4479,None,None
usr4481,CreateEvent,2023-11-04T22:11:01Z
usr4481,CreateEvent,2023-11-01T09:20:20Z
usr4482,ForkEvent,2023-11-27T09:33:07Z
usr4482,ForkEvent,2023-11-27T09:18:49Z
usr4482,ForkEvent,2023-11-23T13:26:55Z
usr4482,PushEvent,2023-11-23T12:23:50Z
usr4482,ForkEvent,2023-11-23T11:24:47Z
usr4482,ForkEvent,2023-11-23T08:07:20Z
usr4483,PushEvent,2024-01-17T00:57:40Z
usr4483,PushEvent,2024-01-16T00:57:09Z
usr4483,PushEvent,2024-01-15T08:43:30Z
usr4483,PushEvent,2024-01-15T05:00:51Z
usr4483,PushEvent,2024-01-15T04:55:53Z
usr4483,PushEvent,2024-01-15T04:50:33Z
usr4483,PushEvent,2024-01-15T04:47:35Z
usr4483,PushEvent,2024-01-15T04:43:29Z
usr4483,PushEvent,2024-01-15T04:22:31Z
usr4483,PushEvent,2024-01-15T04:18:32Z
usr4483,PushEvent,2024-01-15T04:13:59Z
usr4483,PushEvent,2024-01-15T03:45:31Z
usr4483,PushEvent,2024-01-15T03:37:22Z
usr4483,PushEvent,2024-01-15T03:10:14Z
usr4483,PushEvent,2024-01-15T00:59:17Z
usr4483,PushEvent,2024-01-14T01:01:13Z
usr4483,PushEvent,2024-01-13T00:56:28Z
usr4483,PushEvent,2024-01-12T00:57:38Z
usr4483,PushEvent,2024-01-11T11:33:33Z
usr4483,PushEvent,2024-01-11T00:56:52Z
usr4483,PushEvent,2024-01-10T00:57:41Z
usr4483,WatchEvent,2024-01-09T05:32:09Z
usr4483,PushEvent,2024-01-09T00:57:20Z
usr4483,PushEvent,2024-01-08T10:28:40Z
usr4483,PushEvent,2024-01-08T00:57:07Z
usr4483,PushEvent,2024-01-07T01:02:06Z
usr4483,PushEvent,2024-01-06T14:26:33Z
usr4483,PushEvent,2024-01-06T01:29:22Z
usr4483,PushEvent,2024-01-06T00:55:38Z
usr4483,PushEvent,2024-01-05T23:33:30Z
usr4483,PushEvent,2024-01-05T09:48:44Z
usr4483,PushEvent,2024-01-05T00:55:55Z
usr4483,PushEvent,2024-01-04T00:55:52Z
usr4483,PushEvent,2024-01-03T00:55:45Z
usr4483,PushEvent,2024-01-02T00:54:24Z
usr4483,PushEvent,2024-01-01T04:58:30Z
usr4483,PushEvent,2024-01-01T01:00:10Z
usr4483,PushEvent,2023-12-31T13:09:00Z
usr4483,PushEvent,2023-12-31T00:58:46Z
usr4483,PushEvent,2023-12-30T00:53:15Z
usr4483,PushEvent,2023-12-29T07:52:42Z
usr4483,PushEvent,2023-12-29T00:44:50Z
usr4483,PushEvent,2023-12-28T11:39:37Z
usr4483,PushEvent,2023-12-28T00:53:35Z
usr4483,PushEvent,2023-12-27T00:53:24Z
usr4483,WatchEvent,2023-12-26T22:11:20Z
usr4483,PushEvent,2023-12-26T13:15:39Z
usr4483,PushEvent,2023-12-26T13:02:02Z
usr4483,PushEvent,2023-12-26T00:53:26Z
usr4483,PushEvent,2023-12-25T00:56:34Z
usr4483,PushEvent,2023-12-24T00:58:39Z
usr4483,PushEvent,2023-12-23T00:52:33Z
usr4483,PushEvent,2023-12-22T00:54:47Z
usr4483,PushEvent,2023-12-21T00:55:04Z
usr4483,PushEvent,2023-12-20T13:15:56Z
usr4483,PushEvent,2023-12-20T00:45:32Z
usr4483,PushEvent,2023-12-19T00:55:48Z
usr4483,PushEvent,2023-12-18T00:56:50Z
usr4483,PushEvent,2023-12-17T14:17:34Z
usr4483,PushEvent,2023-12-17T01:00:04Z
usr4483,PushEvent,2023-12-16T00:55:11Z
usr4483,PushEvent,2023-12-15T00:57:26Z
usr4483,PushEvent,2023-12-14T00:55:29Z
usr4483,PushEvent,2023-12-13T13:56:42Z
usr4483,PushEvent,2023-12-13T12:31:33Z
usr4483,WatchEvent,2023-12-13T11:25:51Z
usr4483,PushEvent,2023-12-13T00:56:06Z
usr4483,PushEvent,2023-12-12T11:29:45Z
usr4483,PushEvent,2023-12-12T11:29:00Z
usr4483,PushEvent,2023-12-12T06:28:06Z
usr4483,PushEvent,2023-12-12T00:57:01Z
usr4483,PushEvent,2023-12-11T00:56:35Z
usr4483,PushEvent,2023-12-10T00:59:08Z
usr4483,PushEvent,2023-12-09T01:49:05Z
usr4483,PushEvent,2023-12-08T01:19:59Z
usr4483,PushEvent,2023-12-07T08:10:26Z
usr4483,PushEvent,2023-12-07T00:56:32Z
usr4483,PushEvent,2023-12-06T23:23:48Z
usr4483,PushEvent,2023-12-06T11:56:21Z
usr4483,PushEvent,2023-12-06T09:28:34Z
usr4483,PushEvent,2023-12-06T09:28:23Z
usr4483,PushEvent,2023-12-06T00:57:21Z
usr4483,PushEvent,2023-12-05T10:29:44Z
usr4483,PushEvent,2023-12-05T10:12:46Z
usr4483,PushEvent,2023-12-05T09:23:04Z
usr4483,PushEvent,2023-12-05T00:57:50Z
usr4483,PushEvent,2023-12-04T23:57:27Z
usr4483,PushEvent,2023-12-04T23:46:36Z
usr4483,PushEvent,2023-12-04T23:42:32Z
usr4483,PushEvent,2023-12-04T11:39:48Z
usr4483,PushEvent,2023-12-04T03:39:10Z
usr4483,PushEvent,2023-12-04T00:56:17Z
usr4483,PushEvent,2023-12-03T23:35:09Z
usr4483,PushEvent,2023-12-03T00:58:23Z
usr4483,PushEvent,2023-12-02T00:54:28Z
usr4483,PushEvent,2023-12-01T12:55:32Z
usr4483,PushEvent,2023-12-01T01:07:22Z
usr4483,PushEvent,2023-12-01T01:00:21Z
usr4483,PushEvent,2023-11-30T12:21:11Z
usr4483,PushEvent,2023-11-30T10:43:30Z
usr4483,PushEvent,2023-11-30T00:56:42Z
usr4483,PushEvent,2023-11-29T09:47:31Z
usr4483,PushEvent,2023-11-29T09:43:40Z
usr4483,PushEvent,2023-11-29T08:10:10Z
usr4483,PushEvent,2023-11-29T06:41:19Z
usr4483,PushEvent,2023-11-29T00:56:15Z
usr4483,PushEvent,2023-11-28T10:32:18Z
usr4483,PushEvent,2023-11-28T10:31:17Z
usr4483,PushEvent,2023-11-28T00:56:12Z
usr4483,PushEvent,2023-11-26T00:58:31Z
usr4483,PushEvent,2023-11-25T00:52:43Z
usr4483,PushEvent,2023-11-24T00:54:46Z
usr4483,WatchEvent,2023-11-23T23:50:01Z
usr4483,WatchEvent,2023-11-23T23:49:22Z
usr4483,PushEvent,2023-11-23T14:33:35Z
usr4483,PushEvent,2023-11-23T00:55:21Z
usr4483,CreateEvent,2023-11-22T12:49:41Z
usr4483,CreateEvent,2023-11-22T11:43:34Z
usr4483,PushEvent,2023-11-22T00:57:30Z
usr4483,PushEvent,2023-11-21T13:29:31Z
usr4483,PushEvent,2023-11-20T01:18:05Z
usr4483,PushEvent,2023-11-19T12:17:46Z
usr4483,PushEvent,2023-11-19T06:14:27Z
usr4483,PushEvent,2023-11-19T00:59:34Z
usr4483,PushEvent,2023-11-18T18:13:59Z
usr4483,PushEvent,2023-11-18T12:17:36Z
usr4483,PushEvent,2023-11-18T06:14:38Z
usr4483,PushEvent,2023-11-18T00:41:14Z
usr4483,PushEvent,2023-11-17T23:20:24Z
usr4483,PushEvent,2023-11-17T20:17:53Z
usr4483,PushEvent,2023-11-17T12:38:47Z
usr4483,PushEvent,2023-11-17T06:17:02Z
usr4483,PushEvent,2023-11-17T00:41:58Z
usr4483,PushEvent,2023-11-16T18:15:49Z
usr4483,PushEvent,2023-11-16T12:20:23Z
usr4483,PushEvent,2023-11-16T06:16:15Z
usr4483,PushEvent,2023-11-16T00:42:20Z
usr4483,PushEvent,2023-11-15T18:15:54Z
usr4483,PushEvent,2023-11-15T12:20:04Z
usr4483,PushEvent,2023-11-15T06:15:44Z
usr4483,PushEvent,2023-11-15T00:41:10Z
usr4483,PushEvent,2023-11-14T18:14:19Z
usr4483,PushEvent,2023-11-14T12:19:02Z
usr4483,PushEvent,2023-11-14T06:21:35Z
usr4483,PushEvent,2023-11-14T03:04:23Z
usr4483,PushEvent,2023-11-13T23:59:21Z
usr4483,PushEvent,2023-11-13T18:14:49Z
usr4483,PushEvent,2023-11-13T12:19:30Z
usr4483,PushEvent,2023-11-13T06:15:30Z
usr4483,PushEvent,2023-11-13T00:41:35Z
usr4483,PushEvent,2023-11-12T18:13:48Z
usr4483,PushEvent,2023-11-12T12:17:35Z
usr4483,PushEvent,2023-11-12T06:13:52Z
usr4483,PushEvent,2023-11-12T00:43:11Z
usr4483,PushEvent,2023-11-11T18:13:49Z
usr4483,PushEvent,2023-11-11T12:40:50Z
usr4483,PushEvent,2023-11-11T06:14:00Z
usr4483,PushEvent,2023-11-11T02:05:45Z
usr4483,PushEvent,2023-11-11T02:01:51Z
usr4483,PushEvent,2023-11-11T00:42:12Z
usr4483,PushEvent,2023-11-10T22:35:44Z
usr4483,PushEvent,2023-11-10T12:19:23Z
usr4483,PushEvent,2023-11-10T11:12:09Z
usr4483,PushEvent,2023-11-10T06:15:06Z
usr4483,PushEvent,2023-11-10T00:41:15Z
usr4483,PushEvent,2023-11-10T00:26:45Z
usr4483,PushEvent,2023-11-10T00:26:16Z
usr4483,PushEvent,2023-11-09T18:14:44Z
usr4483,PushEvent,2023-11-09T12:19:26Z
usr4483,PushEvent,2023-11-09T06:15:35Z
usr4483,PushEvent,2023-11-09T00:40:04Z
usr4483,PushEvent,2023-11-08T18:15:10Z
usr4483,PushEvent,2023-11-08T14:33:29Z
usr4483,PushEvent,2023-11-08T14:33:05Z
usr4483,PushEvent,2023-11-08T13:44:36Z
usr4483,WatchEvent,2023-11-08T13:30:01Z
usr4483,WatchEvent,2023-11-08T13:28:55Z
usr4483,PushEvent,2023-11-08T13:26:33Z
usr4483,PushEvent,2023-11-08T13:24:22Z
usr4483,WatchEvent,2023-11-08T13:15:20Z
usr4483,PushEvent,2023-11-08T13:14:45Z
usr4483,PushEvent,2023-11-08T12:18:43Z
usr4483,PushEvent,2023-11-08T12:08:45Z
usr4483,PushEvent,2023-11-08T06:15:03Z
usr4483,PushEvent,2023-11-08T00:40:03Z
usr4483,PushEvent,2023-11-07T23:06:10Z
usr4483,PushEvent,2023-11-07T22:15:09Z
usr4483,DeleteEvent,2023-11-07T21:56:12Z
usr4483,PushEvent,2023-11-07T21:13:57Z
usr4483,PushEvent,2023-11-07T20:16:39Z
usr4483,PushEvent,2023-11-07T19:13:50Z
usr4483,PushEvent,2023-11-07T18:19:16Z
usr4483,PushEvent,2023-11-07T17:14:52Z
usr4483,PushEvent,2023-11-07T16:19:22Z
usr4483,PushEvent,2023-11-07T15:16:03Z
usr4483,PushEvent,2023-11-07T14:14:31Z
usr4483,PushEvent,2023-11-07T13:18:18Z
usr4483,PushEvent,2023-11-07T13:14:03Z
usr4483,PushEvent,2023-11-07T12:25:24Z
usr4483,PushEvent,2023-11-07T11:13:41Z
usr4483,PushEvent,2023-11-07T10:16:22Z
usr4483,PushEvent,2023-11-07T09:38:41Z
usr4483,PushEvent,2023-11-07T09:19:36Z
usr4483,PushEvent,2023-11-07T09:16:05Z
usr4483,PushEvent,2023-11-07T08:26:48Z
usr4483,PushEvent,2023-11-07T08:26:23Z
usr4483,PushEvent,2023-11-07T08:18:53Z
usr4483,PushEvent,2023-11-07T07:22:07Z
usr4483,PushEvent,2023-11-07T07:14:46Z
usr4483,PushEvent,2023-11-07T07:13:19Z
usr4483,PushEvent,2023-11-07T06:19:30Z
usr4483,PushEvent,2023-11-07T05:14:49Z
usr4483,PushEvent,2023-11-07T04:18:12Z
usr4483,PushEvent,2023-11-07T03:16:36Z
usr4483,PushEvent,2023-11-07T02:25:22Z
usr4483,PushEvent,2023-11-07T01:55:41Z
usr4483,PushEvent,2023-11-07T00:57:17Z
usr4483,PushEvent,2023-11-06T23:15:07Z
usr4483,PushEvent,2023-11-06T22:15:16Z
usr4483,PushEvent,2023-11-06T21:14:06Z
usr4483,PushEvent,2023-11-06T20:16:39Z
usr4483,PushEvent,2023-11-06T19:13:15Z
usr4483,PushEvent,2023-11-06T18:19:17Z
usr4483,PushEvent,2023-11-06T17:28:50Z
usr4483,PushEvent,2023-11-06T17:14:40Z
usr4483,PushEvent,2023-11-06T16:19:29Z
usr4483,PushEvent,2023-11-06T14:15:28Z
usr4483,PushEvent,2023-11-06T13:20:00Z
usr4483,PushEvent,2023-11-06T12:27:47Z
usr4483,PushEvent,2023-11-06T11:14:35Z
usr4483,PushEvent,2023-11-06T10:17:56Z
usr4483,PushEvent,2023-11-06T09:16:56Z
usr4483,PushEvent,2023-11-06T08:20:04Z
usr4483,PushEvent,2023-11-06T07:15:41Z
usr4483,PushEvent,2023-11-06T06:19:38Z
usr4483,PushEvent,2023-11-06T05:15:39Z
usr4483,PushEvent,2023-11-06T04:17:52Z
usr4483,PushEvent,2023-11-06T03:15:54Z
usr4483,PushEvent,2023-11-06T02:27:54Z
usr4483,PushEvent,2023-11-06T01:57:18Z
usr4483,PushEvent,2023-11-06T00:57:23Z
usr4483,PushEvent,2023-11-05T23:15:02Z
usr4483,PushEvent,2023-11-05T22:14:01Z
usr4483,PushEvent,2023-11-05T21:13:38Z
usr4483,PushEvent,2023-11-05T20:14:46Z
usr4483,PushEvent,2023-11-05T19:12:45Z
usr4483,PushEvent,2023-11-05T18:16:59Z
usr4483,PushEvent,2023-11-05T17:13:47Z
usr4483,PushEvent,2023-11-05T16:17:13Z
usr4483,PushEvent,2023-11-05T15:15:06Z
usr4483,PushEvent,2023-11-05T14:13:12Z
usr4483,PushEvent,2023-11-05T13:16:04Z
usr4483,PushEvent,2023-11-05T12:23:47Z
usr4483,PushEvent,2023-11-05T11:13:08Z
usr4483,PushEvent,2023-11-05T10:15:20Z
usr4483,PushEvent,2023-11-05T09:14:22Z
usr4483,PushEvent,2023-11-05T08:17:45Z
usr4483,PushEvent,2023-11-05T07:13:59Z
usr4483,PushEvent,2023-11-05T06:18:13Z
usr4483,PushEvent,2023-11-05T05:15:17Z
usr4483,PushEvent,2023-11-05T04:16:52Z
usr4483,PushEvent,2023-11-05T03:16:58Z
usr4483,PushEvent,2023-11-05T02:26:36Z
usr4483,PushEvent,2023-11-05T01:58:18Z
usr4483,PushEvent,2023-11-05T00:59:19Z
usr4483,PushEvent,2023-11-04T23:14:57Z
usr4483,PushEvent,2023-11-04T22:14:48Z
usr4483,PushEvent,2023-11-04T21:13:03Z
usr4483,PushEvent,2023-11-04T20:15:31Z
usr4483,PushEvent,2023-11-04T19:13:01Z
usr4483,PushEvent,2023-11-04T18:16:58Z
usr4483,PushEvent,2023-11-04T17:13:18Z
usr4483,PushEvent,2023-11-04T16:17:48Z
usr4483,PushEvent,2023-11-04T15:14:41Z
usr4483,PushEvent,2023-11-04T14:14:16Z
usr4483,PushEvent,2023-11-04T13:16:09Z
usr4483,PushEvent,2023-11-04T12:23:21Z
usr4483,PushEvent,2023-11-04T11:12:59Z
usr4483,PushEvent,2023-11-04T10:15:44Z
usr4483,PushEvent,2023-11-04T09:13:56Z
usr4483,PushEvent,2023-11-04T08:17:15Z
usr4483,PushEvent,2023-11-04T07:14:45Z
usr4483,PushEvent,2023-11-04T06:18:14Z
usr4483,PushEvent,2023-11-04T05:15:01Z
usr4483,PushEvent,2023-11-04T04:17:08Z
usr4483,PushEvent,2023-11-04T03:15:40Z
usr4483,PushEvent,2023-11-04T02:22:44Z
usr4483,PushEvent,2023-11-04T01:50:21Z
usr4483,PushEvent,2023-11-04T00:55:23Z
usr4483,PushEvent,2023-11-03T23:16:21Z
usr4483,PushEvent,2023-11-03T22:14:28Z
usr4483,PushEvent,2023-11-03T21:12:58Z
usr4483,PushEvent,2023-11-03T20:16:56Z
usr4483,PushEvent,2023-11-03T19:14:08Z
usr4483,PushEvent,2023-11-03T18:18:37Z
usr4483,PushEvent,2023-11-03T17:14:59Z
usr4483,PushEvent,2023-11-03T16:19:50Z
usr4483,PushEvent,2023-11-03T15:16:13Z
usr4483,PushEvent,2023-11-03T14:15:54Z
usr4483,PushEvent,2023-11-03T13:18:45Z
usr4484,None,None
usr4485,ForkEvent,2023-11-17T01:25:01Z
usr4485,ForkEvent,2023-11-17T01:21:36Z
usr4485,ForkEvent,2023-10-20T14:26:20Z
usr4485,WatchEvent,2023-10-20T14:25:56Z
usr4487,PushEvent,2024-01-07T11:06:38Z
usr4487,PushEvent,2023-12-14T18:48:56Z
usr4487,PushEvent,2023-12-13T18:41:16Z
usr4487,PushEvent,2023-12-11T17:40:29Z
usr4487,PushEvent,2023-12-10T16:59:40Z
usr4487,PushEvent,2023-12-09T18:13:49Z
usr4487,PushEvent,2023-12-05T16:58:28Z
usr4487,PushEvent,2023-12-03T17:01:41Z
usr4487,PushEvent,2023-12-02T18:32:34Z
usr4487,PushEvent,2023-11-29T16:21:36Z
usr4487,PushEvent,2023-11-29T12:31:16Z
usr4487,PushEvent,2023-11-28T17:53:39Z
usr4487,PullRequestEvent,2023-11-28T16:04:20Z
usr4487,PushEvent,2023-11-28T16:04:19Z
usr4487,CreateEvent,2023-11-28T16:04:18Z
usr4487,PushEvent,2023-11-26T18:20:12Z
usr4487,PushEvent,2023-11-25T18:19:24Z
usr4487,PushEvent,2023-11-23T18:46:24Z
usr4487,PushEvent,2023-11-21T18:55:17Z
usr4487,CreateEvent,2023-11-21T17:41:37Z
usr4487,CreateEvent,2023-11-21T17:41:26Z
usr4487,PublicEvent,2023-10-31T07:11:11Z
usr4487,PushEvent,2023-10-31T06:27:39Z
usr4487,PushEvent,2023-10-31T06:20:00Z
usr4487,PushEvent,2023-10-31T06:16:56Z
usr4487,PushEvent,2023-10-30T18:40:23Z
usr4487,PushEvent,2023-10-29T19:55:49Z
usr4487,PushEvent,2023-10-27T14:01:08Z
usr4487,PushEvent,2023-10-26T18:17:03Z
usr4487,PushEvent,2023-10-24T17:50:41Z
usr4487,PushEvent,2023-10-22T16:27:45Z
usr4487,CreateEvent,2023-10-22T10:52:21Z
usr4487,CreateEvent,2023-10-22T10:52:09Z
usr4487,CreateEvent,2023-10-22T06:59:16Z
usr4487,CreateEvent,2023-10-22T06:59:04Z
usr4487,PushEvent,2023-10-21T17:48:29Z
usr4487,PushEvent,2023-10-20T19:39:18Z
usr4487,PushEvent,2023-10-19T18:15:45Z
usr4487,PushEvent,2023-10-19T07:02:37Z
usr4487,PushEvent,2023-10-18T17:12:00Z
usr4487,PushEvent,2023-10-16T17:25:00Z
usr4488,WatchEvent,2023-11-29T10:15:06Z
usr4488,WatchEvent,2023-11-27T04:30:27Z
usr4490,None,None
usr4491,None,None
usr4492,PushEvent,2023-11-21T08:03:41Z
usr4492,PushEvent,2023-11-20T13:04:46Z
usr4492,PushEvent,2023-11-20T12:08:11Z
usr4492,PushEvent,2023-11-20T11:05:13Z
usr4492,PushEvent,2023-11-20T10:17:03Z
usr4492,PushEvent,2023-11-20T10:16:17Z
usr4492,PushEvent,2023-11-20T09:15:07Z
usr4492,PushEvent,2023-11-20T09:13:42Z
usr4492,PushEvent,2023-11-20T08:39:45Z
usr4492,PushEvent,2023-11-20T08:38:42Z
usr4492,PushEvent,2023-11-20T08:38:08Z
usr4492,PushEvent,2023-11-19T15:08:09Z
usr4492,PushEvent,2023-11-19T14:59:57Z
usr4492,PushEvent,2023-11-19T14:56:07Z
usr4492,PushEvent,2023-11-19T14:54:05Z
usr4492,PushEvent,2023-11-19T11:52:38Z
usr4492,PushEvent,2023-11-19T11:51:41Z
usr4492,PushEvent,2023-11-19T11:51:03Z
usr4492,PushEvent,2023-11-19T11:47:16Z
usr4492,PushEvent,2023-11-17T16:50:31Z
usr4492,PushEvent,2023-11-17T15:58:04Z
usr4492,PushEvent,2023-11-17T14:41:02Z
usr4492,PushEvent,2023-11-17T14:09:18Z
usr4492,PushEvent,2023-11-17T14:02:05Z
usr4492,PushEvent,2023-11-17T13:59:12Z
usr4492,PushEvent,2023-11-17T13:58:41Z
usr4492,PushEvent,2023-11-17T13:51:22Z
usr4492,PushEvent,2023-11-17T13:50:54Z
usr4492,PushEvent,2023-11-17T13:49:21Z
usr4492,PushEvent,2023-11-17T13:38:56Z
usr4492,PushEvent,2023-11-17T13:37:24Z
usr4492,PushEvent,2023-11-17T12:40:24Z
usr4492,PushEvent,2023-11-17T12:21:31Z
usr4492,CreateEvent,2023-11-17T12:05:58Z
usr4492,CreateEvent,2023-11-17T12:05:51Z
usr4492,PullRequestEvent,2023-11-09T09:45:46Z
usr4492,PushEvent,2023-11-09T09:45:46Z
usr4492,PullRequestEvent,2023-11-09T09:45:33Z
usr4492,PushEvent,2023-11-09T09:45:12Z
usr4492,PushEvent,2023-11-09T09:39:21Z
usr4492,PushEvent,2023-11-09T09:38:00Z
usr4492,CreateEvent,2023-11-09T09:37:29Z
usr4492,PushEvent,2023-11-09T09:13:40Z
usr4492,PullRequestEvent,2023-11-09T09:13:39Z
usr4492,PullRequestEvent,2023-11-09T09:13:31Z
usr4492,CreateEvent,2023-11-09T09:12:34Z
usr4492,PushEvent,2023-11-09T08:58:02Z
usr4492,PushEvent,2023-11-09T08:56:45Z
usr4492,PullRequestEvent,2023-11-09T08:56:45Z
usr4492,PushEvent,2023-11-09T08:32:15Z
usr4492,PushEvent,2023-11-09T08:14:04Z
usr4492,MemberEvent,2023-11-09T08:10:53Z
usr4492,CreateEvent,2023-11-09T07:42:56Z
usr4492,CreateEvent,2023-11-09T07:42:55Z
usr4492,PushEvent,2023-11-09T07:42:09Z
usr4492,CreateEvent,2023-11-09T06:52:17Z
usr4492,CreateEvent,2023-11-09T06:52:16Z
usr4492,PushEvent,2023-11-08T15:03:52Z
usr4492,CreateEvent,2023-11-08T14:25:28Z
usr4492,CreateEvent,2023-11-08T14:25:23Z
usr4492,PushEvent,2023-10-26T12:00:27Z
usr4492,PushEvent,2023-10-26T11:59:39Z
usr4492,CreateEvent,2023-10-26T11:58:26Z
usr4492,CreateEvent,2023-10-26T11:58:21Z
usr4492,PushEvent,2023-10-26T11:35:48Z
usr4492,PushEvent,2023-10-26T11:17:48Z
usr4492,PushEvent,2023-10-26T10:57:41Z
usr4492,PushEvent,2023-10-26T10:54:43Z
usr4492,PushEvent,2023-10-26T10:49:59Z
usr4492,CreateEvent,2023-10-26T10:36:54Z
usr4492,CreateEvent,2023-10-26T10:36:48Z
usr4492,PushEvent,2023-10-26T10:21:36Z
usr4492,CreateEvent,2023-10-26T10:20:59Z
usr4492,CreateEvent,2023-10-26T10:19:47Z
usr4495,None,None
usr4496,None,None
usr4498,PushEvent,2024-01-04T17:25:29Z
usr4498,PushEvent,2024-01-04T17:23:21Z
usr4498,PushEvent,2024-01-04T17:16:11Z
usr4498,PushEvent,2024-01-04T17:14:53Z
usr4498,PushEvent,2024-01-04T17:12:57Z
usr4498,PushEvent,2024-01-04T17:08:55Z
usr4498,PushEvent,2024-01-04T17:07:57Z
usr4498,PushEvent,2024-01-04T17:07:32Z
usr4498,PushEvent,2024-01-04T17:07:19Z
usr4498,PushEvent,2024-01-04T17:06:55Z
usr4498,PushEvent,2024-01-04T17:03:13Z
usr4498,PushEvent,2024-01-04T17:02:01Z
usr4498,PushEvent,2024-01-04T17:01:43Z
usr4498,PushEvent,2024-01-04T17:00:33Z
usr4498,PushEvent,2024-01-04T16:57:21Z
usr4498,PushEvent,2024-01-04T16:56:37Z
usr4498,PushEvent,2024-01-04T16:55:47Z
usr4498,PushEvent,2024-01-04T16:52:02Z
usr4498,PushEvent,2024-01-04T16:43:59Z
usr4498,PushEvent,2024-01-04T14:41:30Z
usr4498,PushEvent,2024-01-04T14:41:03Z
usr4498,CreateEvent,2024-01-04T14:39:41Z
usr4498,CreateEvent,2024-01-04T14:38:35Z
usr4498,PushEvent,2024-01-03T12:47:19Z
usr4498,PushEvent,2024-01-03T12:42:40Z
usr4498,PushEvent,2024-01-03T12:38:45Z
usr4498,PushEvent,2024-01-03T12:36:15Z
usr4498,PushEvent,2024-01-03T12:30:35Z
usr4498,PushEvent,2024-01-03T12:27:29Z
usr4498,PushEvent,2024-01-03T12:20:05Z
usr4498,PushEvent,2024-01-03T12:13:59Z
usr4498,PushEvent,2024-01-03T12:09:25Z
usr4498,PushEvent,2024-01-03T12:06:29Z
usr4498,PushEvent,2024-01-03T12:04:58Z
usr4498,PushEvent,2024-01-03T12:03:23Z
usr4498,PushEvent,2024-01-03T11:47:08Z
usr4498,CreateEvent,2024-01-03T11:39:31Z
usr4498,CreateEvent,2024-01-03T11:39:30Z
usr4498,PushEvent,2023-12-08T12:28:55Z
usr4498,CreateEvent,2023-12-01T14:09:45Z
usr4498,CreateEvent,2023-12-01T14:08:17Z
usr4498,PushEvent,2023-11-29T14:11:09Z
usr4498,PushEvent,2023-11-29T14:07:26Z
usr4498,PushEvent,2023-11-29T14:05:57Z
usr4498,PushEvent,2023-11-29T13:59:32Z
usr4498,PushEvent,2023-11-29T13:58:19Z
usr4498,CreateEvent,2023-11-29T13:45:07Z
usr4498,CreateEvent,2023-11-29T13:43:20Z
usr4498,PushEvent,2023-10-19T11:00:19Z
usr4498,PushEvent,2023-10-18T21:31:24Z
usr4498,PushEvent,2023-10-18T21:22:39Z
usr4501,WatchEvent,2023-11-17T04:38:18Z
usr4501,WatchEvent,2023-10-25T20:26:00Z
usr4501,PushEvent,2023-10-25T20:22:11Z
usr4501,PushEvent,2023-10-25T20:17:39Z
usr4501,CreateEvent,2023-10-25T20:13:44Z
usr4501,CreateEvent,2023-10-25T20:13:43Z
usr4502,CreateEvent,2023-12-23T22:37:07Z
usr4502,CreateEvent,2023-12-23T22:37:05Z
usr4502,PushEvent,2023-11-30T19:22:15Z
usr4502,CreateEvent,2023-11-30T19:19:25Z
usr4502,CreateEvent,2023-11-30T18:39:38Z
usr4503,WatchEvent,2024-01-09T16:54:09Z
usr4503,PublicEvent,2024-01-08T16:51:51Z
usr4503,IssueCommentEvent,2023-11-15T07:20:59Z
usr4503,IssueCommentEvent,2023-11-06T13:53:28Z
usr4503,IssueCommentEvent,2023-11-03T09:54:59Z
usr4503,IssueCommentEvent,2023-11-03T09:36:52Z
usr4503,IssuesEvent,2023-11-01T15:07:29Z
usr4503,IssueCommentEvent,2023-11-01T15:01:44Z
usr4505,WatchEvent,2023-12-08T10:03:02Z
usr4505,WatchEvent,2023-12-08T10:02:54Z
usr4505,WatchEvent,2023-11-17T04:04:17Z
usr4505,WatchEvent,2023-11-01T13:00:22Z
usr4505,WatchEvent,2023-10-17T05:07:15Z
usr4507,None,None
usr4508,PushEvent,2023-12-11T10:12:01Z
usr4508,PushEvent,2023-12-08T22:51:17Z
usr4508,PushEvent,2023-12-08T15:36:23Z
usr4508,PushEvent,2023-12-08T14:50:44Z
usr4508,PushEvent,2023-12-08T13:10:34Z
usr4508,CreateEvent,2023-12-08T12:52:19Z
usr4508,CreateEvent,2023-12-08T12:52:18Z
usr4512,None,None
usr4514,ForkEvent,2023-12-25T13:21:31Z
usr4514,WatchEvent,2023-12-25T13:20:36Z
usr4515,CreateEvent,2024-01-11T20:32:21Z
usr4515,CreateEvent,2024-01-11T08:55:53Z
usr4515,PushEvent,2024-01-07T19:38:36Z
usr4515,PushEvent,2024-01-07T19:30:04Z
usr4515,PushEvent,2024-01-06T15:04:03Z
usr4515,PublicEvent,2024-01-05T17:41:50Z
usr4515,WatchEvent,2024-01-05T16:42:26Z
usr4515,PushEvent,2024-01-05T16:09:03Z
usr4515,ForkEvent,2024-01-05T13:01:49Z
usr4515,WatchEvent,2024-01-05T13:00:13Z
usr4515,PushEvent,2024-01-03T17:28:25Z
usr4515,PushEvent,2024-01-02T15:06:24Z
usr4515,PushEvent,2024-01-02T15:03:46Z
usr4515,PushEvent,2024-01-02T14:16:53Z
usr4515,PushEvent,2024-01-02T14:03:58Z
usr4515,PushEvent,2024-01-02T13:54:16Z
usr4515,PushEvent,2024-01-02T11:34:36Z
usr4515,PushEvent,2024-01-02T10:44:56Z
usr4515,PushEvent,2024-01-01T18:15:22Z
usr4515,DeleteEvent,2023-12-31T19:51:47Z
usr4515,CreateEvent,2023-12-31T19:51:46Z
usr4515,DeleteEvent,2023-12-31T19:50:59Z
usr4515,CreateEvent,2023-12-31T19:50:58Z
usr4515,PushEvent,2023-12-31T19:49:20Z
usr4515,PushEvent,2023-12-31T19:35:01Z
usr4515,PushEvent,2023-12-31T18:18:54Z
usr4515,PushEvent,2023-12-31T17:45:45Z
usr4515,PushEvent,2023-12-31T17:32:21Z
usr4515,PushEvent,2023-12-31T16:36:40Z
usr4515,IssuesEvent,2023-12-30T10:01:37Z
usr4515,PushEvent,2023-12-30T09:54:43Z
usr4515,PushEvent,2023-12-30T09:53:40Z
usr4515,PushEvent,2023-12-30T09:27:08Z
usr4515,PushEvent,2023-12-30T09:15:51Z
usr4515,PushEvent,2023-12-29T08:37:51Z
usr4515,PushEvent,2023-12-29T08:37:23Z
usr4515,PushEvent,2023-12-29T08:36:23Z
usr4515,PushEvent,2023-12-29T08:35:51Z
usr4515,PushEvent,2023-12-29T08:04:11Z
usr4515,PushEvent,2023-12-29T07:54:04Z
usr4515,PushEvent,2023-12-29T07:53:12Z
usr4515,CreateEvent,2023-12-29T07:48:07Z
usr4515,CreateEvent,2023-12-29T07:31:13Z
usr4515,PushEvent,2023-12-27T10:50:28Z
usr4515,PushEvent,2023-12-25T06:40:38Z
usr4515,PushEvent,2023-12-25T06:19:57Z
usr4515,WatchEvent,2023-12-24T18:41:03Z
usr4515,PushEvent,2023-12-24T17:45:33Z
usr4515,PushEvent,2023-12-15T18:55:59Z
usr4515,PushEvent,2023-12-15T18:55:20Z
usr4515,PushEvent,2023-12-14T18:27:09Z
usr4515,PushEvent,2023-12-14T18:26:35Z
usr4515,PushEvent,2023-12-12T22:48:04Z
usr4515,WatchEvent,2023-12-12T21:39:38Z
usr4515,PushEvent,2023-12-12T21:00:44Z
usr4515,PushEvent,2023-12-12T20:58:10Z
usr4515,PushEvent,2023-12-12T20:52:46Z
usr4515,PushEvent,2023-12-12T20:51:36Z
usr4515,PushEvent,2023-12-12T20:50:05Z
usr4515,PushEvent,2023-12-12T20:43:12Z
usr4515,PushEvent,2023-12-12T20:42:52Z
usr4515,PushEvent,2023-12-11T16:04:26Z
usr4515,PushEvent,2023-12-10T18:46:18Z
usr4515,PushEvent,2023-12-10T18:34:00Z
usr4515,PushEvent,2023-12-10T18:16:49Z
usr4515,PushEvent,2023-12-10T18:13:09Z
usr4515,PushEvent,2023-12-10T18:02:36Z
usr4515,PushEvent,2023-12-10T17:53:16Z
usr4515,PushEvent,2023-12-10T17:52:10Z
usr4515,PushEvent,2023-12-10T17:41:42Z
usr4515,PushEvent,2023-12-10T17:39:29Z
usr4515,PushEvent,2023-12-09T16:33:09Z
usr4515,PushEvent,2023-12-09T15:54:39Z
usr4515,PushEvent,2023-12-09T15:41:49Z
usr4515,PushEvent,2023-12-09T15:19:23Z
usr4515,PushEvent,2023-12-09T15:02:49Z
usr4515,PushEvent,2023-12-09T15:00:15Z
usr4515,PushEvent,2023-12-09T14:58:23Z
usr4515,PushEvent,2023-12-09T14:41:43Z
usr4515,ForkEvent,2023-12-08T14:52:37Z
usr4515,PushEvent,2023-12-08T14:24:59Z
usr4515,PushEvent,2023-12-08T13:49:29Z
usr4515,PushEvent,2023-12-08T13:30:46Z
usr4515,PushEvent,2023-12-08T13:19:39Z
usr4515,PushEvent,2023-12-08T13:07:51Z
usr4515,PushEvent,2023-12-08T13:01:06Z
usr4515,PushEvent,2023-12-08T12:55:45Z
usr4515,PushEvent,2023-12-08T12:37:22Z
usr4515,PushEvent,2023-12-06T18:29:18Z
usr4515,PushEvent,2023-12-05T19:12:57Z
usr4515,PushEvent,2023-12-05T15:58:51Z
usr4515,PushEvent,2023-12-05T15:54:38Z
usr4515,PushEvent,2023-12-05T15:52:18Z
usr4515,PushEvent,2023-12-05T15:39:18Z
usr4515,PushEvent,2023-12-04T17:17:52Z
usr4515,PushEvent,2023-12-04T16:55:47Z
usr4515,PushEvent,2023-12-04T09:11:13Z
usr4515,WatchEvent,2023-12-03T05:23:46Z
usr4515,PushEvent,2023-12-02T18:05:33Z
usr4515,PushEvent,2023-12-02T14:20:10Z
usr4515,CreateEvent,2023-12-02T07:41:04Z
usr4515,PushEvent,2023-12-02T07:27:20Z
usr4515,PushEvent,2023-12-01T16:01:50Z
usr4515,PushEvent,2023-12-01T14:48:18Z
usr4515,PushEvent,2023-12-01T13:56:20Z
usr4515,PushEvent,2023-12-01T07:52:05Z
usr4515,CreateEvent,2023-11-28T20:14:16Z
usr4515,PushEvent,2023-11-21T17:21:32Z
usr4515,PushEvent,2023-11-21T17:02:35Z
usr4515,PushEvent,2023-11-21T16:48:51Z
usr4515,CreateEvent,2023-11-21T16:23:36Z
usr4515,PushEvent,2023-11-21T16:21:43Z
usr4515,CreateEvent,2023-11-20T19:10:07Z
usr4515,PushEvent,2023-11-18T21:49:51Z
usr4515,PushEvent,2023-11-18T21:18:27Z
usr4515,PushEvent,2023-11-18T21:00:55Z
usr4515,PushEvent,2023-11-18T20:57:35Z
usr4515,CreateEvent,2023-11-17T15:45:21Z
usr4515,PushEvent,2023-11-14T18:55:18Z
usr4515,PushEvent,2023-11-14T18:53:20Z
usr4515,CreateEvent,2023-11-13T12:13:47Z
usr4515,PushEvent,2023-11-11T16:49:59Z
usr4515,PushEvent,2023-11-09T20:16:15Z
usr4515,PushEvent,2023-11-09T16:56:16Z
usr4515,CreateEvent,2023-11-07T16:46:01Z
usr4515,CreateEvent,2023-11-06T19:46:54Z
usr4515,PushEvent,2023-11-06T14:06:12Z
usr4515,PushEvent,2023-10-31T11:39:36Z
usr4515,PushEvent,2023-10-29T08:00:46Z
usr4515,CreateEvent,2023-10-27T12:12:29Z
usr4515,PushEvent,2023-10-27T08:45:07Z
usr4515,CreateEvent,2023-10-21T22:03:05Z
usr4515,CreateEvent,2023-10-21T21:44:34Z
usr4515,CreateEvent,2023-10-21T20:45:06Z
usr4515,PublicEvent,2023-10-18T21:34:50Z
usr4516,CreateEvent,2023-12-03T11:13:20Z
usr4516,CreateEvent,2023-12-03T11:13:18Z
usr4517,PublicEvent,2024-01-01T13:38:30Z
usr4517,WatchEvent,2023-11-07T16:55:07Z
usr4520,PushEvent,2024-01-16T20:08:20Z
usr4520,PushEvent,2024-01-13T01:08:18Z
usr4520,PushEvent,2024-01-13T00:09:30Z
usr4520,PushEvent,2024-01-12T21:08:44Z
usr4520,PushEvent,2023-12-20T16:39:40Z
usr4520,PushEvent,2023-12-20T16:35:36Z
usr4520,PushEvent,2023-12-20T16:15:03Z
usr4520,PushEvent,2023-12-18T21:03:52Z
usr4520,PushEvent,2023-12-18T14:36:24Z
usr4520,PushEvent,2023-12-17T18:28:12Z
usr4520,PushEvent,2023-12-13T16:01:37Z
usr4520,PushEvent,2023-12-13T11:45:36Z
usr4520,PushEvent,2023-12-12T18:07:02Z
usr4520,PushEvent,2023-12-11T18:47:27Z
usr4520,PushEvent,2023-12-11T11:47:05Z
usr4520,PushEvent,2023-12-11T10:47:43Z
usr4520,PushEvent,2023-12-10T15:44:06Z
usr4520,PushEvent,2023-12-10T14:02:07Z
usr4520,PushEvent,2023-12-10T13:47:08Z
usr4520,PushEvent,2023-12-10T11:49:43Z
usr4520,PushEvent,2023-12-09T12:16:08Z
usr4520,PushEvent,2023-12-09T10:56:53Z
usr4520,PushEvent,2023-12-07T23:16:42Z
usr4520,PushEvent,2023-12-07T22:37:00Z
usr4520,PushEvent,2023-12-07T22:13:47Z
usr4520,PushEvent,2023-12-07T11:47:19Z
usr4520,PushEvent,2023-12-07T11:46:23Z
usr4520,PushEvent,2023-12-05T16:25:20Z
usr4520,PushEvent,2023-12-04T20:50:55Z
usr4520,PushEvent,2023-12-04T00:26:21Z
usr4520,PushEvent,2023-12-03T22:35:19Z
usr4520,PushEvent,2023-12-03T20:34:20Z
usr4520,CreateEvent,2023-12-03T19:22:57Z
usr4520,CreateEvent,2023-12-03T19:08:30Z
usr4523,None,None
usr4525,CreateEvent,2023-10-31T06:58:42Z
usr4525,CreateEvent,2023-10-31T06:58:37Z
usr4527,PushEvent,2024-01-06T16:11:43Z
usr4527,PushEvent,2024-01-06T15:43:46Z
usr4527,PushEvent,2023-12-25T15:26:23Z
usr4527,PushEvent,2023-12-25T15:18:01Z
usr4527,PushEvent,2023-12-25T15:16:30Z
usr4527,PushEvent,2023-12-25T13:41:24Z
usr4527,PushEvent,2023-12-22T10:24:19Z
usr4527,PushEvent,2023-12-13T15:27:17Z
usr4527,PushEvent,2023-12-12T18:41:58Z
usr4527,PushEvent,2023-12-09T11:33:22Z
usr4527,PushEvent,2023-12-09T11:32:13Z
usr4527,CreateEvent,2023-12-08T16:43:37Z
usr4527,CreateEvent,2023-12-08T15:58:59Z
usr4527,CreateEvent,2023-12-08T14:56:20Z
usr4527,CreateEvent,2023-12-08T14:56:00Z
usr4527,CreateEvent,2023-12-08T14:45:03Z
usr4527,CreateEvent,2023-12-08T14:31:25Z
usr4527,CreateEvent,2023-12-07T15:43:25Z
usr4527,CreateEvent,2023-12-07T15:42:58Z
usr4527,PushEvent,2023-12-06T16:02:19Z
usr4527,PushEvent,2023-12-06T15:47:28Z
usr4527,PushEvent,2023-12-06T15:06:49Z
usr4527,PushEvent,2023-12-06T12:55:32Z
usr4527,PushEvent,2023-12-06T12:17:49Z
usr4527,PushEvent,2023-12-06T11:25:14Z
usr4527,PushEvent,2023-12-06T11:10:25Z
usr4527,PushEvent,2023-12-06T11:05:07Z
usr4527,PushEvent,2023-11-29T18:18:38Z
usr4527,PushEvent,2023-11-29T18:17:56Z
usr4527,DeleteEvent,2023-11-24T13:48:25Z
usr4527,PullRequestEvent,2023-11-24T13:48:12Z
usr4527,PushEvent,2023-11-24T13:48:06Z
usr4527,CreateEvent,2023-11-23T17:13:45Z
usr4527,PushEvent,2023-11-22T21:32:42Z
usr4527,PushEvent,2023-11-22T21:25:49Z
usr4527,PushEvent,2023-11-20T13:28:25Z
usr4527,PushEvent,2023-11-20T12:29:20Z
usr4527,PushEvent,2023-11-13T19:45:58Z
usr4527,PushEvent,2023-11-03T10:41:33Z
usr4527,PushEvent,2023-10-30T19:40:26Z
usr4527,PushEvent,2023-10-30T19:35:54Z
usr4527,WatchEvent,2023-10-25T13:52:15Z
usr4528,ForkEvent,2023-12-19T16:04:33Z
usr4528,PublicEvent,2023-11-25T14:09:03Z
usr4528,PublicEvent,2023-11-25T14:05:34Z
usr4529,None,None
usr4531,PushEvent,2024-01-16T21:49:02Z
usr4531,CreateEvent,2024-01-16T17:29:48Z
usr4531,IssuesEvent,2024-01-16T16:57:24Z
usr4531,PushEvent,2024-01-16T16:57:24Z
usr4531,PullRequestEvent,2024-01-16T16:57:23Z
usr4531,PushEvent,2024-01-15T18:27:24Z
usr4531,IssuesEvent,2024-01-13T01:31:16Z
usr4531,PublicEvent,2024-01-11T21:40:01Z
usr4531,PushEvent,2024-01-11T20:58:36Z
usr4531,PushEvent,2024-01-11T15:00:14Z
usr4531,DeleteEvent,2024-01-11T14:59:58Z
usr4531,PushEvent,2024-01-11T14:38:23Z
usr4531,DeleteEvent,2024-01-10T19:30:14Z
usr4531,PullRequestEvent,2024-01-10T16:11:54Z
usr4531,CreateEvent,2024-01-10T16:06:59Z
usr4531,PushEvent,2024-01-10T15:43:13Z
usr4531,PushEvent,2024-01-10T14:20:55Z
usr4531,DeleteEvent,2024-01-10T14:13:08Z
usr4531,PullRequestReviewEvent,2024-01-10T12:17:50Z
usr4531,DeleteEvent,2024-01-09T22:00:20Z
usr4531,DeleteEvent,2024-01-09T22:00:06Z
usr4531,PushEvent,2024-01-09T19:04:40Z
usr4531,PushEvent,2024-01-09T18:18:21Z
usr4531,PushEvent,2024-01-09T18:17:37Z
usr4531,PullRequestEvent,2024-01-09T18:17:36Z
usr4531,IssueCommentEvent,2024-01-09T18:02:53Z
usr4531,PushEvent,2024-01-09T17:26:31Z
usr4531,IssueCommentEvent,2024-01-09T14:56:23Z
usr4531,PushEvent,2024-01-09T14:14:55Z
usr4531,IssuesEvent,2024-01-09T13:54:20Z
usr4531,PushEvent,2024-01-09T13:54:20Z
usr4531,PullRequestEvent,2024-01-09T13:54:19Z
usr4531,DeleteEvent,2024-01-09T13:53:59Z
usr4531,PullRequestEvent,2024-01-09T13:53:54Z
usr4531,PullRequestReviewEvent,2024-01-09T13:53:49Z
usr4531,PushEvent,2024-01-09T03:59:19Z
usr4531,IssueCommentEvent,2024-01-09T03:54:46Z
usr4531,PullRequestEvent,2024-01-09T03:39:19Z
usr4531,CreateEvent,2024-01-09T03:38:31Z
usr4531,PullRequestEvent,2024-01-09T03:19:51Z
usr4531,CreateEvent,2024-01-09T03:17:33Z
usr4531,PushEvent,2024-01-09T02:28:03Z
usr4531,IssuesEvent,2024-01-08T22:55:24Z
usr4531,PullRequestReviewEvent,2024-01-08T21:59:34Z
usr4531,PushEvent,2024-01-08T21:55:15Z
usr4531,PullRequestReviewEvent,2024-01-08T21:53:56Z
usr4531,PullRequestReviewEvent,2024-01-08T21:47:11Z
usr4531,PullRequestReviewEvent,2024-01-08T21:45:31Z
usr4531,PullRequestReviewEvent,2024-01-08T21:40:23Z
usr4531,PushEvent,2024-01-08T21:34:08Z
usr4531,PullRequestEvent,2024-01-08T21:34:08Z
usr4531,PullRequestReviewEvent,2024-01-08T21:34:02Z
usr4531,PullRequestReviewEvent,2024-01-08T21:29:25Z
usr4531,PullRequestReviewEvent,2024-01-08T21:27:14Z
usr4531,PullRequestReviewEvent,2024-01-08T21:26:04Z
usr4531,PullRequestReviewEvent,2024-01-08T21:25:45Z
usr4531,PullRequestReviewEvent,2024-01-08T21:25:32Z
usr4531,PullRequestReviewEvent,2024-01-08T21:17:34Z
usr4531,PushEvent,2024-01-08T21:13:11Z
usr4531,IssuesEvent,2024-01-08T21:13:11Z
usr4531,PullRequestEvent,2024-01-08T21:13:10Z
usr4531,PullRequestReviewEvent,2024-01-08T21:13:04Z
usr4531,PushEvent,2024-01-08T21:11:07Z
usr4531,PullRequestEvent,2024-01-08T21:11:06Z
usr4531,PullRequestReviewEvent,2024-01-08T21:11:00Z
usr4531,PullRequestReviewEvent,2024-01-08T21:06:55Z
usr4531,PullRequestReviewEvent,2024-01-08T21:06:33Z
usr4531,PushEvent,2024-01-08T20:58:00Z
usr4531,PushEvent,2024-01-08T20:52:36Z
usr4531,PullRequestReviewCommentEvent,2024-01-08T20:49:04Z
usr4531,PullRequestReviewEvent,2024-01-08T20:49:05Z
usr4531,PushEvent,2024-01-08T18:59:11Z
usr4531,IssueCommentEvent,2024-01-08T18:58:09Z
usr4531,IssueCommentEvent,2024-01-08T18:50:58Z
usr4531,IssueCommentEvent,2024-01-08T18:42:25Z
usr4531,IssuesEvent,2024-01-08T18:37:34Z
usr4531,PushEvent,2024-01-08T18:28:38Z
usr4531,PushEvent,2024-01-08T18:27:22Z
usr4531,PushEvent,2024-01-08T14:07:18Z
usr4531,PullRequestEvent,2024-01-08T14:07:17Z
usr4531,PullRequestReviewEvent,2024-01-08T14:07:10Z
usr4531,IssueCommentEvent,2024-01-05T19:37:36Z
usr4531,IssueCommentEvent,2024-01-05T18:46:13Z
usr4531,PushEvent,2024-01-05T18:22:00Z
usr4531,PullRequestReviewCommentEvent,2024-01-05T17:36:46Z
usr4531,PullRequestReviewCommentEvent,2024-01-05T17:41:59Z
usr4531,PullRequestReviewCommentEvent,2024-01-05T17:50:41Z
usr4531,PullRequestReviewCommentEvent,2024-01-05T17:43:51Z
usr4531,PullRequestReviewCommentEvent,2024-01-05T17:40:32Z
usr4531,PullRequestReviewCommentEvent,2024-01-05T17:35:34Z
usr4531,PullRequestReviewCommentEvent,2024-01-05T17:34:11Z
usr4531,PullRequestReviewCommentEvent,2024-01-05T17:45:18Z
usr4531,PullRequestReviewCommentEvent,2024-01-05T17:54:23Z
usr4531,PullRequestReviewCommentEvent,2024-01-05T17:37:53Z
usr4531,PullRequestReviewCommentEvent,2024-01-05T17:32:17Z
usr4531,PullRequestReviewCommentEvent,2024-01-05T17:34:50Z
usr4531,PullRequestReviewCommentEvent,2024-01-05T17:37:15Z
usr4531,PullRequestReviewEvent,2024-01-05T17:57:33Z
usr4531,PullRequestReviewEvent,2024-01-05T17:57:33Z
usr4531,PullRequestReviewEvent,2024-01-05T17:21:22Z
usr4531,PushEvent,2024-01-05T16:46:59Z
usr4531,PushEvent,2024-01-05T16:44:55Z
usr4531,PullRequestEvent,2024-01-05T16:44:54Z
usr4531,PullRequestReviewEvent,2024-01-05T16:44:48Z
usr4531,PullRequestReviewCommentEvent,2024-01-05T16:40:12Z
usr4531,PullRequestReviewEvent,2024-01-05T16:40:42Z
usr4531,PullRequestReviewEvent,2024-01-05T16:40:42Z
usr4531,PushEvent,2024-01-05T16:28:59Z
usr4531,IssuesEvent,2024-01-05T16:28:59Z
usr4531,PullRequestEvent,2024-01-05T16:28:58Z
usr4531,PullRequestReviewEvent,2024-01-05T16:28:35Z
usr4531,PushEvent,2024-01-05T16:17:40Z
usr4531,PushEvent,2024-01-05T16:13:42Z
usr4531,IssueCommentEvent,2024-01-05T14:19:42Z
usr4531,IssueCommentEvent,2024-01-05T14:15:46Z
usr4531,PullRequestEvent,2024-01-05T14:15:46Z
usr4531,PullRequestReviewEvent,2024-01-05T14:14:22Z
usr4531,DeleteEvent,2024-01-05T13:52:57Z
usr4531,PushEvent,2024-01-04T21:03:33Z
usr4531,IssueCommentEvent,2024-01-04T20:25:49Z
usr4531,IssueCommentEvent,2024-01-04T19:42:45Z
usr4531,PushEvent,2024-01-04T19:26:40Z
usr4531,PullRequestReviewCommentEvent,2024-01-04T19:26:34Z
usr4531,PullRequestReviewEvent,2024-01-04T19:26:35Z
usr4531,IssueCommentEvent,2024-01-04T19:25:00Z
usr4531,PullRequestEvent,2024-01-04T19:10:19Z
usr4531,IssueCommentEvent,2024-01-04T19:09:21Z
usr4531,CreateEvent,2024-01-04T19:06:58Z
usr4531,PullRequestReviewEvent,2024-01-04T17:15:25Z
usr4531,PullRequestReviewEvent,2024-01-04T17:13:06Z
usr4531,IssuesEvent,2024-01-04T16:54:35Z
usr4531,IssueCommentEvent,2024-01-04T16:53:01Z
usr4531,PullRequestEvent,2024-01-04T16:35:49Z
usr4531,CreateEvent,2024-01-04T16:31:13Z
usr4531,PullRequestEvent,2024-01-04T16:14:22Z
usr4531,CreateEvent,2024-01-04T16:12:46Z
usr4531,PushEvent,2024-01-04T15:33:36Z
usr4531,IssuesEvent,2024-01-04T15:33:36Z
usr4531,PullRequestEvent,2024-01-04T15:33:35Z
usr4531,PullRequestReviewEvent,2024-01-04T15:33:29Z
usr4531,PushEvent,2024-01-04T15:16:36Z
usr4531,IssuesEvent,2024-01-04T15:12:11Z
usr4531,PushEvent,2024-01-03T02:24:46Z
usr4531,IssuesEvent,2024-01-03T02:19:04Z
usr4531,IssuesEvent,2024-01-03T02:00:33Z
usr4531,IssuesEvent,2024-01-03T01:29:55Z
usr4531,PullRequestReviewEvent,2024-01-02T22:08:59Z
usr4531,PushEvent,2024-01-02T19:51:53Z
usr4531,PullRequestEvent,2024-01-02T19:51:53Z
usr4531,PullRequestReviewEvent,2024-01-02T19:51:46Z
usr4531,PullRequestReviewEvent,2024-01-02T19:21:10Z
usr4531,PullRequestReviewEvent,2024-01-02T19:19:50Z
usr4531,PullRequestReviewEvent,2024-01-02T18:59:21Z
usr4531,PushEvent,2024-01-02T18:52:14Z
usr4531,PullRequestReviewEvent,2024-01-02T18:49:39Z
usr4531,PullRequestReviewEvent,2024-01-02T18:49:05Z
usr4531,IssueCommentEvent,2024-01-02T17:17:57Z
usr4531,PushEvent,2024-01-02T17:10:52Z
usr4531,PullRequestEvent,2024-01-02T17:10:52Z
usr4531,PullRequestReviewEvent,2024-01-02T17:10:47Z
usr4531,PushEvent,2024-01-02T17:05:35Z
usr4531,PushEvent,2024-01-02T17:03:02Z
usr4531,PullRequestEvent,2024-01-02T17:03:01Z
usr4531,PullRequestReviewEvent,2024-01-02T17:02:54Z
usr4531,PushEvent,2024-01-02T16:53:26Z
usr4531,PushEvent,2024-01-02T16:52:14Z
usr4531,PullRequestEvent,2024-01-02T16:52:14Z
usr4531,PullRequestReviewEvent,2024-01-02T16:52:07Z
usr4531,PushEvent,2024-01-02T16:43:03Z
usr4531,PullRequestEvent,2024-01-02T16:43:02Z
usr4531,PullRequestReviewEvent,2024-01-02T16:42:55Z
usr4531,PushEvent,2024-01-02T16:36:42Z
usr4531,IssueCommentEvent,2024-01-02T16:29:17Z
usr4531,PullRequestReviewEvent,2023-12-22T19:26:39Z
usr4531,PullRequestReviewEvent,2023-12-22T19:26:01Z
usr4531,PullRequestReviewEvent,2023-12-22T19:25:52Z
usr4531,PushEvent,2023-12-22T18:20:56Z
usr4531,IssueCommentEvent,2023-12-21T14:58:44Z
usr4531,PushEvent,2023-12-20T17:49:32Z
usr4531,DeleteEvent,2023-12-20T17:32:54Z
usr4531,DeleteEvent,2023-12-20T17:32:52Z
usr4531,PullRequestEvent,2023-12-20T16:43:38Z
usr4531,CreateEvent,2023-12-20T16:43:14Z
usr4531,DeleteEvent,2023-12-20T16:36:04Z
usr4531,PullRequestEvent,2023-12-20T16:35:33Z
usr4531,CreateEvent,2023-12-20T16:34:38Z
usr4531,PushEvent,2023-12-20T16:31:49Z
usr4531,PushEvent,2023-12-20T15:40:00Z
usr4531,PushEvent,2023-12-20T15:35:00Z
usr4531,PushEvent,2023-12-20T14:59:34Z
usr4531,PullRequestEvent,2023-12-20T14:55:15Z
usr4531,CreateEvent,2023-12-20T14:54:33Z
usr4531,PushEvent,2023-12-20T14:41:03Z
usr4531,PushEvent,2023-12-20T13:56:34Z
usr4531,PullRequestEvent,2023-12-20T13:56:34Z
usr4531,PullRequestReviewEvent,2023-12-20T13:53:37Z
usr4531,DeleteEvent,2023-12-20T13:34:33Z
usr4531,PushEvent,2023-12-20T13:32:59Z
usr4531,PushEvent,2023-12-20T08:09:12Z
usr4531,PullRequestEvent,2023-12-20T07:34:34Z
usr4531,PushEvent,2023-12-20T07:34:34Z
usr4531,PullRequestReviewEvent,2023-12-20T06:53:16Z
usr4531,PushEvent,2023-12-20T06:46:10Z
usr4531,DeleteEvent,2023-12-20T06:40:28Z
usr4531,PushEvent,2023-12-20T06:39:36Z
usr4531,PullRequestEvent,2023-12-20T06:39:34Z
usr4531,PullRequestReviewEvent,2023-12-20T06:39:23Z
usr4531,PushEvent,2023-12-20T06:36:34Z
usr4531,PullRequestEvent,2023-12-20T06:36:33Z
usr4531,PullRequestReviewEvent,2023-12-20T06:34:32Z
usr4531,PullRequestReviewEvent,2023-12-20T06:30:59Z
usr4531,PullRequestEvent,2023-12-20T06:15:12Z
usr4531,PushEvent,2023-12-20T06:14:48Z
usr4531,CreateEvent,2023-12-20T06:14:42Z
usr4531,DeleteEvent,2023-12-20T06:12:20Z
usr4531,PushEvent,2023-12-20T06:12:06Z
usr4531,PullRequestEvent,2023-12-20T06:12:05Z
usr4531,IssueCommentEvent,2023-12-20T06:09:26Z
usr4531,IssueCommentEvent,2023-12-20T06:07:47Z
usr4531,IssueCommentEvent,2023-12-20T05:56:46Z
usr4531,PushEvent,2023-12-20T05:43:30Z
usr4531,PushEvent,2023-12-20T05:36:25Z
usr4532,None,None
usr4533,PushEvent,2024-01-11T19:06:52Z
usr4533,PushEvent,2023-10-25T11:54:15Z
usr4533,DeleteEvent,2023-10-25T11:53:03Z
usr4533,CreateEvent,2023-10-25T11:48:57Z
usr4533,CreateEvent,2023-10-25T10:53:07Z
usr4533,CreateEvent,2023-10-25T10:29:34Z
usr4533,PullRequestEvent,2023-10-25T10:28:43Z
usr4533,CreateEvent,2023-10-25T10:28:34Z
usr4533,CreateEvent,2023-10-25T10:18:43Z
usr4533,PushEvent,2023-10-25T08:12:52Z
usr4533,PushEvent,2023-10-25T08:11:23Z
usr4533,CreateEvent,2023-10-25T07:53:25Z
usr4533,CreateEvent,2023-10-25T07:44:30Z
usr4533,PushEvent,2023-10-25T07:32:17Z
usr4533,PushEvent,2023-10-25T07:31:59Z
usr4533,PushEvent,2023-10-25T07:30:40Z
usr4533,CreateEvent,2023-10-25T07:29:26Z
usr4533,CreateEvent,2023-10-25T07:21:41Z
usr4534,PullRequestEvent,2024-01-12T11:04:45Z
usr4534,PushEvent,2024-01-12T11:04:44Z
usr4534,PullRequestEvent,2024-01-12T11:04:43Z
usr4534,PullRequestEvent,2024-01-12T11:04:34Z
usr4534,CreateEvent,2024-01-12T10:52:45Z
usr4534,PullRequestEvent,2024-01-07T10:43:19Z
usr4534,CreateEvent,2024-01-07T10:41:10Z
usr4534,PushEvent,2024-01-07T10:37:17Z
usr4534,PullRequestEvent,2024-01-07T10:37:16Z
usr4534,PullRequestEvent,2024-01-07T10:37:07Z
usr4534,CreateEvent,2024-01-07T10:36:02Z
usr4534,PushEvent,2024-01-07T07:26:48Z
usr4534,PullRequestEvent,2024-01-07T07:26:47Z
usr4534,PullRequestEvent,2024-01-07T07:26:36Z
usr4534,CreateEvent,2024-01-07T07:24:51Z
usr4534,PushEvent,2024-01-07T06:21:18Z
usr4534,PullRequestEvent,2024-01-07T06:21:17Z
usr4534,PullRequestEvent,2024-01-07T06:21:03Z
usr4534,CreateEvent,2024-01-07T06:12:29Z
usr4534,CreateEvent,2024-01-04T08:17:36Z
usr4534,DeleteEvent,2024-01-04T08:16:25Z
usr4534,CreateEvent,2024-01-04T08:15:24Z
usr4534,CreateEvent,2024-01-04T08:09:32Z
usr4534,CreateEvent,2024-01-04T07:56:36Z
usr4534,PushEvent,2024-01-04T05:24:33Z
usr4534,PullRequestEvent,2024-01-04T05:24:33Z
usr4534,PullRequestEvent,2024-01-01T15:40:01Z
usr4534,CreateEvent,2024-01-01T15:38:34Z
usr4534,PushEvent,2024-01-01T14:11:24Z
usr4534,PullRequestEvent,2024-01-01T14:11:23Z
usr4534,PullRequestEvent,2024-01-01T14:11:01Z
usr4534,CreateEvent,2024-01-01T13:42:41Z
usr4534,CreateEvent,2024-01-01T12:51:57Z
usr4534,CreateEvent,2024-01-01T12:51:59Z
usr4534,CreateEvent,2024-01-01T12:11:16Z
usr4534,CreateEvent,2024-01-01T12:11:14Z
usr4535,None,None
usr4537,WatchEvent,2024-01-13T17:33:04Z
usr4537,CreateEvent,2024-01-09T15:31:15Z
usr4537,CreateEvent,2024-01-06T14:44:52Z
usr4538,CreateEvent,2023-11-08T09:44:35Z
usr4538,CreateEvent,2023-11-08T09:44:36Z
usr4538,PushEvent,2023-11-07T19:24:50Z
usr4538,PushEvent,2023-11-07T19:24:20Z
usr4538,PushEvent,2023-11-07T19:23:31Z
usr4538,PushEvent,2023-11-07T19:10:13Z
usr4538,CreateEvent,2023-11-07T19:05:49Z
usr4538,CreateEvent,2023-11-07T19:05:48Z
usr4538,PushEvent,2023-11-07T17:26:05Z
usr4538,PushEvent,2023-11-07T17:25:20Z
usr4538,PushEvent,2023-11-07T17:03:02Z
usr4538,PushEvent,2023-11-07T16:59:58Z
usr4538,CreateEvent,2023-11-07T16:57:24Z
usr4538,CreateEvent,2023-11-07T16:57:25Z
usr4538,PushEvent,2023-11-04T20:47:09Z
usr4538,PushEvent,2023-11-04T20:31:39Z
usr4538,CreateEvent,2023-11-04T20:31:10Z
usr4538,CreateEvent,2023-11-04T20:31:09Z
usr4538,PushEvent,2023-10-29T07:13:34Z
usr4538,PushEvent,2023-10-29T07:12:44Z
usr4538,PushEvent,2023-10-29T07:11:08Z
usr4538,PushEvent,2023-10-29T07:10:26Z
usr4538,CreateEvent,2023-10-29T06:51:55Z
usr4538,CreateEvent,2023-10-29T06:51:54Z
usr4538,CreateEvent,2023-10-29T06:49:50Z
usr4538,CreateEvent,2023-10-29T06:49:49Z
usr4538,PushEvent,2023-10-22T20:21:55Z
usr4538,PushEvent,2023-10-22T20:21:29Z
usr4538,PushEvent,2023-10-22T20:17:38Z
usr4538,PushEvent,2023-10-22T19:45:00Z
usr4538,PushEvent,2023-10-22T19:43:52Z
usr4538,PushEvent,2023-10-22T19:41:37Z
usr4538,CreateEvent,2023-10-22T19:37:06Z
usr4538,CreateEvent,2023-10-22T19:37:05Z
usr4539,WatchEvent,2024-01-16T14:26:17Z
usr4539,WatchEvent,2024-01-16T13:58:14Z
usr4539,WatchEvent,2024-01-16T09:41:37Z
usr4539,WatchEvent,2024-01-16T05:45:26Z
usr4539,WatchEvent,2024-01-16T05:40:01Z
usr4539,WatchEvent,2024-01-15T16:02:12Z
usr4539,WatchEvent,2024-01-15T09:08:53Z
usr4539,WatchEvent,2024-01-15T06:30:42Z
usr4539,WatchEvent,2024-01-09T18:12:36Z
usr4539,WatchEvent,2024-01-09T12:53:01Z
usr4539,WatchEvent,2024-01-08T04:55:30Z
usr4539,WatchEvent,2024-01-03T14:42:33Z
usr4539,WatchEvent,2024-01-03T10:19:31Z
usr4539,CreateEvent,2024-01-03T07:58:52Z
usr4539,ReleaseEvent,2024-01-03T07:58:51Z
usr4539,PushEvent,2024-01-03T07:25:45Z
usr4539,WatchEvent,2024-01-03T06:55:12Z
usr4539,WatchEvent,2024-01-03T06:17:43Z
usr4539,WatchEvent,2024-01-03T06:14:35Z
usr4539,WatchEvent,2024-01-02T11:56:07Z
usr4539,PublicEvent,2024-01-02T08:09:14Z
usr4539,WatchEvent,2023-12-28T10:42:46Z
usr4539,WatchEvent,2023-12-28T06:22:14Z
usr4539,WatchEvent,2023-12-26T17:56:01Z
usr4539,WatchEvent,2023-12-26T11:57:28Z
usr4539,WatchEvent,2023-12-26T11:31:52Z
usr4539,WatchEvent,2023-12-26T05:45:48Z
usr4539,WatchEvent,2023-12-25T06:32:20Z
usr4539,WatchEvent,2023-12-25T06:31:23Z
usr4539,WatchEvent,2023-12-25T05:45:28Z
usr4539,WatchEvent,2023-12-24T05:04:24Z
usr4539,WatchEvent,2023-12-23T16:29:13Z
usr4539,WatchEvent,2023-12-19T08:16:15Z
usr4539,WatchEvent,2023-12-17T19:18:08Z
usr4539,WatchEvent,2023-12-15T16:32:36Z
usr4539,WatchEvent,2023-12-13T07:49:20Z
usr4539,WatchEvent,2023-12-12T14:01:26Z
usr4539,WatchEvent,2023-12-07T11:54:10Z
usr4539,WatchEvent,2023-12-07T11:54:02Z
usr4539,WatchEvent,2023-12-07T11:53:53Z
usr4539,WatchEvent,2023-12-07T11:53:43Z
usr4539,WatchEvent,2023-12-07T11:53:31Z
usr4539,WatchEvent,2023-12-03T09:22:25Z
usr4539,WatchEvent,2023-12-03T09:21:16Z
usr4539,WatchEvent,2023-12-02T19:23:33Z
usr4539,WatchEvent,2023-12-02T18:31:45Z
usr4539,WatchEvent,2023-11-29T14:37:44Z
usr4539,WatchEvent,2023-11-29T12:25:39Z
usr4539,WatchEvent,2023-11-28T14:30:07Z
usr4539,WatchEvent,2023-11-28T14:07:07Z
usr4539,WatchEvent,2023-11-28T13:51:27Z
usr4539,WatchEvent,2023-11-28T13:40:27Z
usr4539,WatchEvent,2023-11-28T10:01:10Z
usr4539,WatchEvent,2023-11-28T07:09:19Z
usr4539,WatchEvent,2023-11-28T07:04:50Z
usr4539,WatchEvent,2023-11-27T15:15:53Z
usr4539,WatchEvent,2023-11-27T15:14:17Z
usr4539,WatchEvent,2023-11-27T04:47:40Z
usr4539,WatchEvent,2023-11-26T17:32:13Z
usr4539,WatchEvent,2023-11-26T10:53:53Z
usr4539,WatchEvent,2023-11-26T08:02:23Z
usr4539,WatchEvent,2023-11-26T07:57:53Z
usr4539,WatchEvent,2023-11-26T07:53:53Z
usr4539,WatchEvent,2023-11-26T07:47:41Z
usr4539,WatchEvent,2023-11-26T07:44:25Z
usr4539,WatchEvent,2023-11-26T06:59:16Z
usr4539,WatchEvent,2023-11-25T10:02:19Z
usr4539,WatchEvent,2023-11-25T05:16:11Z
usr4539,WatchEvent,2023-11-25T05:13:59Z
usr4539,WatchEvent,2023-11-02T12:53:30Z
usr4539,WatchEvent,2023-10-27T19:06:05Z
usr4539,WatchEvent,2023-10-27T05:47:53Z
usr4539,WatchEvent,2023-10-27T05:45:55Z
usr4539,WatchEvent,2023-10-27T05:23:16Z
usr4539,WatchEvent,2023-10-27T05:11:40Z
usr4539,WatchEvent,2023-10-27T05:11:01Z
usr4539,WatchEvent,2023-10-26T06:32:48Z
usr4539,WatchEvent,2023-10-26T05:53:51Z
usr4539,WatchEvent,2023-10-26T05:33:40Z
usr4539,WatchEvent,2023-10-25T07:52:33Z
usr4539,IssuesEvent,2023-10-21T07:28:54Z
usr4539,WatchEvent,2023-10-17T16:21:44Z
usr4539,WatchEvent,2023-10-17T16:21:23Z
usr4540,None,None
usr4541,WatchEvent,2024-01-16T19:15:11Z
usr4541,PushEvent,2024-01-14T13:04:37Z
usr4541,PushEvent,2024-01-14T13:01:20Z
usr4541,PushEvent,2024-01-14T12:55:53Z
usr4541,CreateEvent,2024-01-14T02:47:52Z
usr4541,CreateEvent,2024-01-14T02:47:51Z
usr4541,PushEvent,2024-01-12T21:35:41Z
usr4541,PullRequestEvent,2024-01-12T21:35:40Z
usr4541,PullRequestEvent,2024-01-12T21:35:28Z
usr4541,PushEvent,2024-01-12T21:33:42Z
usr4541,CreateEvent,2023-12-30T01:44:06Z
usr4541,CreateEvent,2023-12-30T01:44:04Z
usr4541,PushEvent,2023-12-29T14:09:07Z
usr4541,PushEvent,2023-12-29T03:18:04Z
usr4541,PullRequestEvent,2023-12-29T03:18:03Z
usr4541,PullRequestEvent,2023-12-29T03:17:52Z
usr4541,PushEvent,2023-12-29T03:14:57Z
usr4541,PushEvent,2023-12-28T01:42:30Z
usr4541,PullRequestEvent,2023-12-28T01:42:30Z
usr4541,PullRequestEvent,2023-12-28T01:41:45Z
usr4541,PushEvent,2023-12-28T01:39:24Z
usr4541,PushEvent,2023-12-21T22:06:50Z
usr4541,CreateEvent,2023-12-18T22:53:30Z
usr4541,PushEvent,2023-12-17T13:27:25Z
usr4541,PushEvent,2023-12-17T13:16:23Z
usr4541,PushEvent,2023-12-17T12:28:36Z
usr4541,PullRequestEvent,2023-12-17T12:28:35Z
usr4541,PullRequestEvent,2023-12-17T12:27:52Z
usr4541,PushEvent,2023-12-17T12:26:15Z
usr4541,PushEvent,2023-12-15T14:36:47Z
usr4541,PullRequestEvent,2023-12-15T14:36:46Z
usr4541,PullRequestEvent,2023-12-15T14:33:29Z
usr4541,CreateEvent,2023-12-15T14:28:46Z
usr4541,DeleteEvent,2023-12-15T12:07:35Z
usr4541,PushEvent,2023-12-14T20:08:56Z
usr4541,PushEvent,2023-12-14T19:50:17Z
usr4541,CreateEvent,2023-12-14T19:40:21Z
usr4541,PushEvent,2023-12-14T00:02:19Z
usr4541,PushEvent,2023-12-13T23:01:21Z
usr4541,PushEvent,2023-12-13T22:45:04Z
usr4541,PushEvent,2023-12-13T22:41:00Z
usr4541,PushEvent,2023-12-12T21:30:46Z
usr4541,PullRequestEvent,2023-12-12T21:30:45Z
usr4541,PullRequestEvent,2023-12-12T21:30:30Z
usr4541,PushEvent,2023-12-12T21:28:52Z
usr4541,PushEvent,2023-12-12T13:22:51Z
usr4541,PullRequestEvent,2023-12-12T13:22:51Z
usr4541,PullRequestEvent,2023-12-12T13:22:14Z
usr4541,PushEvent,2023-12-12T13:19:40Z
usr4541,PushEvent,2023-12-12T02:36:52Z
usr4541,PullRequestEvent,2023-12-12T02:36:52Z
usr4541,PullRequestEvent,2023-12-12T02:36:38Z
usr4541,CreateEvent,2023-12-12T02:35:06Z
usr4541,CreateEvent,2023-12-12T01:23:36Z
usr4541,PushEvent,2023-12-08T14:58:40Z
usr4541,PushEvent,2023-12-07T00:01:16Z
usr4541,PushEvent,2023-12-06T20:20:48Z
usr4541,CreateEvent,2023-12-06T18:44:27Z
usr4541,CreateEvent,2023-12-06T18:44:25Z
usr4541,WatchEvent,2023-12-03T02:22:58Z
usr4541,PushEvent,2023-12-01T01:10:02Z
usr4541,PullRequestEvent,2023-12-01T01:10:02Z
usr4541,PullRequestEvent,2023-11-30T22:18:05Z
usr4541,CommitCommentEvent,2023-11-30T21:24:44Z
usr4541,CreateEvent,2023-11-30T14:07:50Z
usr4541,CreateEvent,2023-11-30T01:08:05Z
usr4541,MemberEvent,2023-11-29T23:44:44Z
usr4541,CreateEvent,2023-11-28T23:11:13Z
usr4541,CreateEvent,2023-11-28T23:11:12Z
usr4541,PushEvent,2023-11-28T20:38:44Z
usr4541,PushEvent,2023-11-28T20:09:33Z
usr4541,PushEvent,2023-11-28T19:29:13Z
usr4541,PushEvent,2023-11-28T19:16:54Z
usr4541,PushEvent,2023-11-28T18:22:50Z
usr4541,PushEvent,2023-11-28T18:08:16Z
usr4541,PushEvent,2023-11-28T13:58:36Z
usr4541,PushEvent,2023-11-28T13:25:54Z
usr4541,PushEvent,2023-11-27T20:26:32Z
usr4541,PushEvent,2023-11-27T20:21:44Z
usr4541,PushEvent,2023-11-21T20:29:57Z
usr4541,PushEvent,2023-11-21T19:55:56Z
usr4541,PushEvent,2023-11-21T19:54:49Z
usr4541,PushEvent,2023-11-21T19:52:21Z
usr4541,PushEvent,2023-11-20T03:29:53Z
usr4541,PushEvent,2023-11-20T03:27:13Z
usr4541,CreateEvent,2023-11-20T03:24:24Z
usr4541,CreateEvent,2023-11-20T03:24:23Z
usr4541,WatchEvent,2023-11-07T21:20:47Z
usr4542,CreateEvent,2024-01-16T06:49:52Z
usr4542,PublicEvent,2024-01-12T13:17:53Z
usr4542,CreateEvent,2023-12-29T23:01:34Z
usr4542,CreateEvent,2023-12-29T23:01:29Z
usr4542,PushEvent,2023-12-23T14:55:45Z
usr4542,CreateEvent,2023-12-23T14:52:05Z
usr4542,CreateEvent,2023-12-23T14:51:59Z
usr4542,WatchEvent,2023-12-22T21:57:29Z
usr4542,IssuesEvent,2023-12-02T12:26:57Z
usr4542,IssuesEvent,2023-12-02T12:26:40Z
usr4544,PushEvent,2024-01-15T16:43:08Z
usr4544,CreateEvent,2024-01-13T16:45:22Z
usr4544,CreateEvent,2024-01-13T16:41:51Z
usr4544,PushEvent,2024-01-13T16:33:52Z
usr4544,PushEvent,2024-01-12T17:59:06Z
usr4544,CreateEvent,2024-01-12T14:21:32Z
usr4544,CreateEvent,2024-01-12T14:20:43Z
usr4544,CreateEvent,2024-01-01T19:17:10Z
usr4544,CreateEvent,2024-01-01T19:13:44Z
usr4544,PushEvent,2023-12-27T12:56:05Z
usr4544,PushEvent,2023-12-27T12:49:26Z
usr4544,CreateEvent,2023-12-27T12:48:53Z
usr4544,PushEvent,2023-12-25T18:38:50Z
usr4544,CreateEvent,2023-12-25T18:37:38Z
usr4544,CreateEvent,2023-12-24T12:41:54Z
usr4544,CreateEvent,2023-12-24T12:40:56Z
usr4544,PushEvent,2023-12-17T17:55:25Z
usr4544,CreateEvent,2023-12-17T17:54:50Z
usr4544,CreateEvent,2023-12-17T17:54:04Z
usr4544,PushEvent,2023-11-28T17:52:38Z
usr4544,CreateEvent,2023-11-28T17:51:34Z
usr4544,CreateEvent,2023-11-28T17:50:45Z
usr4544,PushEvent,2023-11-20T17:18:10Z
usr4544,CreateEvent,2023-11-20T17:14:00Z
usr4544,CreateEvent,2023-11-20T17:13:17Z
usr4544,PushEvent,2023-11-20T16:57:57Z
usr4544,PushEvent,2023-11-20T15:04:13Z
usr4544,CreateEvent,2023-11-20T15:01:06Z
usr4544,CreateEvent,2023-11-20T15:00:24Z
usr4544,CreateEvent,2023-11-12T13:49:15Z
usr4544,CreateEvent,2023-11-12T13:48:44Z
usr4544,PushEvent,2023-11-08T13:11:04Z
usr4544,PushEvent,2023-11-08T11:47:42Z
usr4544,CreateEvent,2023-11-08T11:45:53Z
usr4544,CreateEvent,2023-11-08T11:45:05Z
usr4544,PushEvent,2023-11-08T11:42:53Z
usr4544,PushEvent,2023-11-08T11:40:15Z
usr4544,PushEvent,2023-11-08T11:38:26Z
usr4544,PushEvent,2023-11-08T11:36:09Z
usr4544,PushEvent,2023-11-08T11:35:13Z
usr4544,PushEvent,2023-11-08T11:33:04Z
usr4544,PushEvent,2023-11-08T11:31:21Z
usr4544,PushEvent,2023-11-08T11:28:32Z
usr4544,PushEvent,2023-11-08T11:20:20Z
usr4544,PushEvent,2023-11-04T17:08:26Z
usr4544,PushEvent,2023-10-31T19:43:53Z
usr4544,CreateEvent,2023-10-31T19:42:48Z
usr4544,CreateEvent,2023-10-31T19:41:56Z
usr4546,PushEvent,2024-01-08T04:15:48Z
usr4546,PushEvent,2024-01-08T04:15:21Z
usr4546,PushEvent,2024-01-08T04:14:42Z
usr4546,CreateEvent,2024-01-07T14:01:12Z
usr4546,CreateEvent,2024-01-07T13:58:31Z
usr4546,CreateEvent,2024-01-07T13:36:44Z
usr4547,None,None
usr4548,PushEvent,2023-12-22T03:10:05Z
usr4548,CreateEvent,2023-12-22T03:05:33Z
usr4548,CreateEvent,2023-12-22T03:05:31Z
usr4548,PushEvent,2023-11-17T10:33:23Z
usr4548,PushEvent,2023-11-16T10:59:54Z
usr4548,PushEvent,2023-11-13T17:48:16Z
usr4548,PushEvent,2023-11-13T11:58:06Z
usr4548,PushEvent,2023-11-13T10:25:39Z
usr4548,PushEvent,2023-11-13T09:44:12Z
usr4548,PushEvent,2023-11-13T09:29:12Z
usr4548,PushEvent,2023-11-13T05:18:32Z
usr4548,PushEvent,2023-11-13T05:04:54Z
usr4548,PushEvent,2023-11-13T05:03:30Z
usr4548,PushEvent,2023-11-11T17:55:44Z
usr4548,CreateEvent,2023-11-11T17:51:55Z
usr4548,CreateEvent,2023-11-11T17:49:38Z
usr4548,PushEvent,2023-11-11T17:29:28Z
usr4548,PushEvent,2023-11-11T11:26:24Z
usr4548,CreateEvent,2023-11-11T10:04:43Z
usr4548,CreateEvent,2023-11-11T10:01:27Z
usr4548,PushEvent,2023-10-31T06:05:18Z
usr4548,CreateEvent,2023-10-31T06:05:04Z
usr4548,CreateEvent,2023-10-31T06:02:23Z
usr4548,CreateEvent,2023-10-27T09:38:00Z
usr4548,CreateEvent,2023-10-27T09:35:33Z
usr4548,PushEvent,2023-10-21T09:31:23Z
usr4548,PushEvent,2023-10-19T06:19:01Z
usr4548,PushEvent,2023-10-19T06:18:33Z
usr4548,PushEvent,2023-10-19T06:18:08Z
usr4548,PushEvent,2023-10-19T06:16:25Z
usr4548,PushEvent,2023-10-19T06:14:24Z
usr4548,PushEvent,2023-10-19T05:49:04Z
usr4548,CreateEvent,2023-10-19T05:46:39Z
usr4548,CreateEvent,2023-10-19T05:32:41Z
usr4549,PushEvent,2024-01-08T09:12:20Z
usr4549,PushEvent,2024-01-05T17:22:17Z
usr4549,PushEvent,2023-12-26T22:52:51Z
usr4549,PushEvent,2023-12-22T22:42:04Z
usr4549,CreateEvent,2023-12-17T17:55:22Z
usr4549,CreateEvent,2023-12-17T16:25:18Z
usr4549,CreateEvent,2023-12-17T16:25:17Z
usr4549,CreateEvent,2023-12-17T16:18:38Z
usr4549,CreateEvent,2023-12-17T16:18:01Z
usr4549,CreateEvent,2023-12-17T16:17:59Z
usr4550,PushEvent,2023-10-24T13:23:54Z
usr4550,CreateEvent,2023-10-24T13:13:20Z
usr4550,CreateEvent,2023-10-24T13:07:15Z
usr4551,PushEvent,2023-11-30T15:10:55Z
usr4551,CreateEvent,2023-11-30T14:46:33Z
usr4551,CreateEvent,2023-11-30T14:42:11Z
usr4551,PushEvent,2023-11-26T23:54:08Z
usr4551,PushEvent,2023-11-02T19:34:47Z
usr4551,PushEvent,2023-11-02T19:31:57Z
usr4551,PushEvent,2023-11-02T19:02:43Z
usr4551,CreateEvent,2023-11-02T18:59:33Z
usr4551,PushEvent,2023-11-02T16:00:08Z
usr4551,PushEvent,2023-11-01T20:36:32Z
usr4551,CreateEvent,2023-11-01T20:26:36Z
usr4551,CreateEvent,2023-11-01T20:26:11Z
usr4551,CreateEvent,2023-10-24T00:53:24Z
usr4551,CreateEvent,2023-10-24T00:53:22Z
usr4551,CreateEvent,2023-10-23T06:08:25Z
usr4551,CreateEvent,2023-10-23T06:08:15Z
usr4551,PushEvent,2023-10-21T17:32:32Z
usr4551,CreateEvent,2023-10-21T16:58:30Z
usr4551,CreateEvent,2023-10-21T16:58:20Z
usr4552,PushEvent,2023-10-17T05:43:46Z
usr4554,IssuesEvent,2023-12-10T19:09:46Z
usr4554,WatchEvent,2023-12-07T23:35:56Z
usr4554,MemberEvent,2023-10-23T09:34:59Z
usr4555,None,None
usr4556,PushEvent,2023-12-10T20:03:34Z
usr4556,PushEvent,2023-12-08T17:28:47Z
usr4556,DeleteEvent,2023-11-29T14:12:56Z
usr4556,PushEvent,2023-11-29T14:12:52Z
usr4556,PullRequestEvent,2023-11-29T14:12:52Z
usr4556,PushEvent,2023-11-29T13:22:53Z
usr4556,PullRequestEvent,2023-11-29T13:18:05Z
usr4556,PushEvent,2023-11-29T13:16:50Z
usr4556,PushEvent,2023-11-29T13:07:33Z
usr4556,PushEvent,2023-11-29T12:31:38Z
usr4556,CreateEvent,2023-11-29T11:52:54Z
usr4556,DeleteEvent,2023-11-24T20:37:52Z
usr4556,PushEvent,2023-11-24T20:37:40Z
usr4556,PullRequestEvent,2023-11-24T20:37:39Z
usr4556,PullRequestEvent,2023-11-24T20:37:22Z
usr4556,PushEvent,2023-11-24T20:35:47Z
usr4556,CreateEvent,2023-11-24T11:23:52Z
usr4556,PushEvent,2023-11-21T15:29:56Z
usr4556,PushEvent,2023-11-21T14:50:40Z
usr4556,CreateEvent,2023-11-21T14:50:07Z
usr4556,DeleteEvent,2023-11-21T13:43:11Z
usr4556,PushEvent,2023-11-21T13:43:07Z
usr4556,PullRequestEvent,2023-11-21T13:43:06Z
usr4556,PullRequestEvent,2023-11-21T12:50:49Z
usr4556,PushEvent,2023-11-21T12:50:28Z
usr4556,CreateEvent,2023-11-20T23:20:39Z
usr4556,PushEvent,2023-11-19T01:22:29Z
usr4556,PushEvent,2023-11-14T23:57:13Z
usr4556,PushEvent,2023-11-14T23:52:31Z
usr4556,PushEvent,2023-11-14T23:38:37Z
usr4556,PushEvent,2023-11-14T23:34:48Z
usr4558,WatchEvent,2023-12-20T00:34:23Z
usr4558,WatchEvent,2023-11-24T16:13:42Z
usr4558,WatchEvent,2023-11-16T19:38:10Z
usr4558,WatchEvent,2023-11-16T19:35:22Z
usr4558,WatchEvent,2023-10-30T12:16:31Z
usr4559,CreateEvent,2024-01-12T03:15:41Z
usr4559,CreateEvent,2024-01-12T03:15:40Z
usr4560,PushEvent,2023-10-22T15:20:23Z
usr4560,PushEvent,2023-10-22T15:20:10Z
usr4560,PushEvent,2023-10-22T10:54:25Z
usr4560,PushEvent,2023-10-22T10:54:13Z
usr4560,PushEvent,2023-10-20T11:00:10Z
usr4560,PushEvent,2023-10-20T10:59:49Z
usr4560,PushEvent,2023-10-20T10:36:04Z
usr4560,PushEvent,2023-10-20T10:35:48Z
usr4560,PushEvent,2023-10-20T09:50:26Z
usr4560,PushEvent,2023-10-20T09:17:13Z
usr4560,PushEvent,2023-10-20T09:17:02Z
usr4560,PushEvent,2023-10-20T08:40:13Z
usr4560,PushEvent,2023-10-20T08:40:00Z
usr4560,PushEvent,2023-10-19T15:14:34Z
usr4560,PushEvent,2023-10-19T15:13:52Z
usr4560,PushEvent,2023-10-19T14:35:11Z
usr4560,PushEvent,2023-10-19T14:26:46Z
usr4560,PushEvent,2023-10-19T14:26:37Z
usr4560,PushEvent,2023-10-19T14:13:23Z
usr4560,PushEvent,2023-10-19T14:13:06Z
usr4560,PushEvent,2023-10-19T12:15:24Z
usr4560,PushEvent,2023-10-19T11:52:04Z
usr4560,PushEvent,2023-10-19T11:51:51Z
usr4560,PushEvent,2023-10-19T11:49:07Z
usr4560,PushEvent,2023-10-19T11:48:56Z
usr4560,PushEvent,2023-10-19T11:12:21Z
usr4560,PushEvent,2023-10-19T11:12:10Z
usr4560,PushEvent,2023-10-19T10:56:55Z
usr4560,PushEvent,2023-10-19T10:56:42Z
usr4560,PushEvent,2023-10-19T09:40:06Z
usr4560,PushEvent,2023-10-19T09:35:15Z
usr4560,PushEvent,2023-10-18T13:43:07Z
usr4560,PushEvent,2023-10-18T13:42:55Z
usr4560,PushEvent,2023-10-18T12:52:03Z
usr4560,PushEvent,2023-10-18T12:51:48Z
usr4560,CreateEvent,2023-10-18T12:04:49Z
usr4560,CreateEvent,2023-10-18T12:03:10Z
usr4560,CreateEvent,2023-10-18T12:03:09Z
usr4560,CreateEvent,2023-10-17T13:55:16Z
usr4560,CreateEvent,2023-10-17T13:55:15Z
usr4561,PushEvent,2023-11-08T13:06:56Z
usr4561,PushEvent,2023-11-08T13:05:33Z
usr4561,PushEvent,2023-10-25T14:24:33Z
usr4561,PushEvent,2023-10-25T07:31:56Z
usr4561,PushEvent,2023-10-24T14:20:57Z
usr4564,CreateEvent,2023-11-29T08:01:19Z
usr4564,CreateEvent,2023-11-29T08:01:18Z
usr4564,PushEvent,2023-11-20T18:38:17Z
usr4564,CreateEvent,2023-11-20T16:58:47Z
usr4564,CreateEvent,2023-11-20T16:58:46Z
usr4564,ForkEvent,2023-11-18T10:20:20Z
usr4564,PushEvent,2023-11-07T14:55:43Z
usr4564,PushEvent,2023-11-07T14:18:41Z
usr4564,CreateEvent,2023-11-07T14:16:36Z
usr4564,CreateEvent,2023-11-07T14:16:34Z
usr4564,PushEvent,2023-11-01T13:18:08Z
usr4564,CreateEvent,2023-11-01T13:17:39Z
usr4564,CreateEvent,2023-11-01T13:17:38Z
usr4564,IssueCommentEvent,2023-10-24T11:36:39Z
usr4564,IssueCommentEvent,2023-10-24T11:34:04Z
usr4564,IssueCommentEvent,2023-10-24T11:31:01Z
usr4564,IssueCommentEvent,2023-10-24T11:29:18Z
usr4564,IssueCommentEvent,2023-10-24T11:25:46Z
usr4564,IssueCommentEvent,2023-10-24T11:18:38Z
usr4564,IssueCommentEvent,2023-10-24T11:15:04Z
usr4564,IssueCommentEvent,2023-10-24T11:14:46Z
usr4564,IssueCommentEvent,2023-10-24T11:12:06Z
usr4564,IssueCommentEvent,2023-10-24T11:05:18Z
usr4564,IssueCommentEvent,2023-10-24T11:03:37Z
usr4564,IssueCommentEvent,2023-10-24T10:59:02Z
usr4564,IssueCommentEvent,2023-10-24T10:56:36Z
usr4564,IssueCommentEvent,2023-10-24T10:54:33Z
usr4564,IssueCommentEvent,2023-10-24T10:48:39Z
usr4564,IssueCommentEvent,2023-10-24T10:34:00Z
usr4564,IssueCommentEvent,2023-10-24T09:09:04Z
usr4564,IssueCommentEvent,2023-10-24T09:07:40Z
usr4564,IssueCommentEvent,2023-10-23T19:10:14Z
usr4564,IssueCommentEvent,2023-10-23T18:26:14Z
usr4564,IssueCommentEvent,2023-10-23T10:02:46Z
usr4564,IssueCommentEvent,2023-10-19T20:48:49Z
usr4564,IssueCommentEvent,2023-10-19T20:15:58Z
usr4564,IssueCommentEvent,2023-10-19T20:09:25Z
usr4564,IssueCommentEvent,2023-10-19T20:03:02Z
usr4564,IssueCommentEvent,2023-10-19T19:38:17Z
usr4564,IssueCommentEvent,2023-10-19T19:22:22Z
usr4564,IssueCommentEvent,2023-10-19T19:11:54Z
usr4564,IssueCommentEvent,2023-10-19T18:00:33Z
usr4564,IssueCommentEvent,2023-10-18T11:09:38Z
usr4564,IssueCommentEvent,2023-10-18T11:00:14Z
usr4564,IssueCommentEvent,2023-10-18T10:35:20Z
usr4564,IssueCommentEvent,2023-10-18T10:33:02Z
usr4568,PushEvent,2024-01-16T09:22:17Z
usr4568,PushEvent,2024-01-09T12:50:34Z
usr4568,PushEvent,2024-01-09T12:48:44Z
usr4568,PushEvent,2024-01-09T09:48:29Z
usr4568,CreateEvent,2024-01-09T09:42:29Z
usr4568,CreateEvent,2024-01-09T09:39:52Z
usr4568,PushEvent,2023-11-07T11:16:45Z
usr4568,CreateEvent,2023-11-02T07:10:23Z
usr4568,CreateEvent,2023-11-02T06:58:27Z
usr4568,PushEvent,2023-10-31T08:50:40Z
usr4568,PushEvent,2023-10-17T11:59:59Z
usr4569,PushEvent,2023-10-17T14:06:10Z
usr4570,PushEvent,2024-01-10T19:51:39Z
usr4570,PushEvent,2024-01-10T19:51:00Z
usr4570,PushEvent,2024-01-10T19:50:26Z
usr4570,CommitCommentEvent,2024-01-10T19:30:01Z
usr4570,CreateEvent,2024-01-10T19:10:19Z
usr4570,CreateEvent,2024-01-10T19:04:05Z
usr4570,PushEvent,2023-12-28T11:58:48Z
usr4570,PushEvent,2023-12-28T11:54:19Z
usr4570,PushEvent,2023-12-28T11:48:22Z
usr4570,PushEvent,2023-12-28T11:01:10Z
usr4570,PushEvent,2023-12-28T09:59:33Z
usr4570,PushEvent,2023-12-28T06:59:29Z
usr4570,CreateEvent,2023-12-28T06:14:04Z
usr4570,CreateEvent,2023-12-28T06:14:02Z
usr4570,PushEvent,2023-12-20T01:17:14Z
usr4570,CreateEvent,2023-12-20T01:13:37Z
usr4570,CreateEvent,2023-12-20T01:10:15Z
usr4570,PushEvent,2023-12-18T17:56:42Z
usr4570,PushEvent,2023-12-14T16:00:39Z
usr4570,PushEvent,2023-12-12T14:58:42Z
usr4570,PushEvent,2023-12-12T14:58:03Z
usr4570,PushEvent,2023-12-12T14:18:46Z
usr4570,PushEvent,2023-12-12T10:42:08Z
usr4570,CreateEvent,2023-12-11T17:33:31Z
usr4570,CreateEvent,2023-12-11T17:33:30Z
usr4570,PushEvent,2023-12-04T17:40:33Z
usr4570,PushEvent,2023-12-02T18:08:44Z
usr4570,CreateEvent,2023-12-02T18:01:25Z
usr4570,CreateEvent,2023-12-02T18:01:25Z
usr4571,PushEvent,2024-01-14T18:01:42Z
usr4571,PushEvent,2024-01-06T12:01:09Z
usr4571,PushEvent,2024-01-04T18:21:51Z
usr4571,PushEvent,2024-01-03T18:25:59Z
usr4571,PushEvent,2023-12-31T18:22:16Z
usr4571,PushEvent,2023-12-29T17:33:59Z
usr4571,PushEvent,2023-12-27T18:45:01Z
usr4571,PushEvent,2023-12-26T18:06:13Z
usr4571,PushEvent,2023-12-24T18:27:59Z
usr4571,PushEvent,2023-12-21T14:34:04Z
usr4571,PushEvent,2023-12-21T14:13:20Z
usr4571,CreateEvent,2023-12-21T14:11:32Z
usr4571,CreateEvent,2023-12-21T14:10:31Z
usr4571,CreateEvent,2023-12-20T17:51:17Z
usr4571,CreateEvent,2023-12-20T17:50:24Z
usr4571,WatchEvent,2023-12-20T17:16:15Z
usr4571,PushEvent,2023-12-19T17:36:55Z
usr4571,PullRequestEvent,2023-12-19T13:15:53Z
usr4571,PushEvent,2023-12-19T13:12:53Z
usr4571,ForkEvent,2023-12-19T13:10:01Z
usr4571,PushEvent,2023-12-18T15:45:37Z
usr4571,PushEvent,2023-12-18T15:40:34Z
usr4571,PushEvent,2023-12-18T12:04:33Z
usr4571,PushEvent,2023-12-18T12:03:25Z
usr4571,CreateEvent,2023-12-17T17:49:41Z
usr4571,CreateEvent,2023-12-17T17:49:01Z
usr4571,PushEvent,2023-12-16T14:53:27Z
usr4571,PushEvent,2023-12-16T14:15:25Z
usr4571,PushEvent,2023-12-15T13:32:31Z
usr4571,PushEvent,2023-12-15T06:20:27Z
usr4571,WatchEvent,2023-12-15T04:44:32Z
usr4571,WatchEvent,2023-12-14T17:28:06Z
usr4571,PushEvent,2023-12-14T14:18:13Z
usr4571,PushEvent,2023-12-14T13:52:27Z
usr4571,PushEvent,2023-12-13T16:54:29Z
usr4571,PushEvent,2023-12-12T17:59:36Z
usr4571,PushEvent,2023-12-11T16:56:59Z
usr4571,PushEvent,2023-12-10T15:35:46Z
usr4571,PushEvent,2023-12-09T17:59:00Z
usr4571,PushEvent,2023-12-08T18:22:29Z
usr4571,PushEvent,2023-12-07T14:28:38Z
usr4571,PushEvent,2023-12-06T18:19:26Z
usr4571,WatchEvent,2023-12-06T06:50:32Z
usr4571,PushEvent,2023-12-05T18:02:22Z
usr4571,PublicEvent,2023-12-04T19:05:29Z
usr4571,PushEvent,2023-12-04T13:59:28Z
usr4571,PushEvent,2023-12-03T16:49:05Z
usr4571,PushEvent,2023-12-03T15:58:34Z
usr4571,PushEvent,2023-12-02T13:26:53Z
usr4571,PushEvent,2023-12-01T17:31:24Z
usr4571,PushEvent,2023-11-30T12:59:28Z
usr4571,WatchEvent,2023-11-30T12:00:50Z
usr4571,PushEvent,2023-11-30T08:42:15Z
usr4571,PullRequestReviewCommentEvent,2023-11-30T08:40:29Z
usr4571,PullRequestReviewEvent,2023-11-30T08:40:30Z
usr4571,PushEvent,2023-11-30T08:39:32Z
usr4571,PushEvent,2023-11-30T08:38:43Z
usr4571,WatchEvent,2023-11-30T07:36:09Z
usr4571,PullRequestReviewCommentEvent,2023-11-28T16:03:39Z
usr4571,PullRequestReviewEvent,2023-11-28T16:03:40Z
usr4571,PullRequestReviewCommentEvent,2023-11-28T15:53:28Z
usr4571,PullRequestReviewEvent,2023-11-28T15:53:29Z
usr4571,PullRequestReviewCommentEvent,2023-11-28T15:23:33Z
usr4571,PullRequestReviewEvent,2023-11-28T15:23:34Z
usr4571,PullRequestReviewCommentEvent,2023-11-28T15:16:13Z
usr4571,PullRequestReviewEvent,2023-11-28T15:16:14Z
usr4571,PullRequestEvent,2023-11-28T11:50:04Z
usr4571,CreateEvent,2023-11-28T11:47:31Z
usr4571,PushEvent,2023-11-27T17:09:45Z
usr4571,PushEvent,2023-11-26T17:33:27Z
usr4571,PushEvent,2023-11-25T12:10:59Z
usr4571,PushEvent,2023-11-25T12:09:33Z
usr4571,CreateEvent,2023-11-25T12:05:32Z
usr4571,CreateEvent,2023-11-25T12:04:43Z
usr4571,CreateEvent,2023-11-25T12:04:41Z
usr4571,IssueCommentEvent,2023-11-25T06:04:48Z
usr4571,PushEvent,2023-11-24T17:59:09Z
usr4571,PushEvent,2023-11-24T17:34:24Z
usr4571,PullRequestEvent,2023-11-23T17:38:58Z
usr4571,CreateEvent,2023-11-23T17:36:48Z
usr4571,PushEvent,2023-11-22T08:23:21Z
usr4571,PullRequestEvent,2023-11-21T14:08:13Z
usr4571,CreateEvent,2023-11-21T14:05:02Z
usr4571,IssueCommentEvent,2023-11-20T19:40:33Z
usr4571,PushEvent,2023-11-20T19:28:03Z
usr4571,PullRequestEvent,2023-11-18T06:32:33Z
usr4571,PushEvent,2023-11-18T06:17:19Z
usr4571,PushEvent,2023-11-18T06:17:09Z
usr4571,PushEvent,2023-11-17T18:30:52Z
usr4571,PullRequestEvent,2023-11-17T13:32:19Z
usr4571,CreateEvent,2023-11-17T13:31:14Z
usr4571,PushEvent,2023-11-16T06:04:33Z
usr4571,PushEvent,2023-11-16T06:01:56Z
usr4571,CreateEvent,2023-11-15T17:41:18Z
usr4571,PushEvent,2023-11-11T07:27:59Z
usr4571,PushEvent,2023-11-11T07:25:27Z
usr4571,PushEvent,2023-11-11T07:18:00Z
usr4571,PushEvent,2023-11-11T07:14:19Z
usr4571,PushEvent,2023-11-11T07:10:51Z
usr4571,PushEvent,2023-11-11T07:10:13Z
usr4571,PushEvent,2023-11-11T07:04:09Z
usr4571,IssueCommentEvent,2023-11-10T07:55:05Z
usr4571,PushEvent,2023-10-30T16:22:59Z
usr4571,CreateEvent,2023-10-30T16:09:00Z
usr4571,PublicEvent,2023-10-28T14:53:21Z
usr4571,IssueCommentEvent,2023-10-24T17:16:05Z
usr4571,WatchEvent,2023-10-20T05:24:19Z
usr4572,PushEvent,2023-11-21T08:20:25Z
usr4572,PushEvent,2023-11-20T15:44:38Z
usr4572,PushEvent,2023-11-12T02:43:06Z
usr4572,PushEvent,2023-11-10T01:33:06Z
usr4572,CreateEvent,2023-11-09T09:21:26Z
usr4572,CreateEvent,2023-11-09T08:09:29Z
usr4572,PushEvent,2023-11-08T08:29:17Z
usr4572,PushEvent,2023-11-08T08:27:33Z
usr4572,PushEvent,2023-11-07T07:54:13Z
usr4572,PushEvent,2023-11-06T15:35:26Z
usr4572,PushEvent,2023-11-06T05:55:04Z
usr4572,PushEvent,2023-11-05T07:49:09Z
usr4572,PushEvent,2023-11-05T07:45:28Z
usr4572,PushEvent,2023-11-05T07:42:05Z
usr4572,CreateEvent,2023-11-05T07:32:46Z
usr4572,CreateEvent,2023-11-05T07:01:17Z
usr4572,PushEvent,2023-11-04T10:49:22Z
usr4572,PushEvent,2023-11-04T07:44:34Z
usr4572,PushEvent,2023-11-04T06:56:10Z
usr4572,PushEvent,2023-11-03T16:46:02Z
usr4572,PushEvent,2023-11-03T16:39:21Z
usr4572,PushEvent,2023-11-02T06:41:57Z
usr4572,PushEvent,2023-11-02T06:36:55Z
usr4572,PushEvent,2023-11-01T14:53:43Z
usr4572,PushEvent,2023-10-31T07:06:46Z
usr4572,PushEvent,2023-10-30T06:38:34Z
usr4572,PushEvent,2023-10-30T06:03:33Z
usr4572,PushEvent,2023-10-26T07:34:24Z
usr4572,PushEvent,2023-10-26T07:21:15Z
usr4572,PushEvent,2023-10-25T07:28:18Z
usr4572,PushEvent,2023-10-24T14:24:38Z
usr4572,PushEvent,2023-10-24T14:22:11Z
usr4572,PushEvent,2023-10-24T13:52:25Z
usr4572,PushEvent,2023-10-24T13:51:18Z
usr4572,PushEvent,2023-10-24T13:48:26Z
usr4572,PushEvent,2023-10-24T13:36:28Z
usr4572,PushEvent,2023-10-23T15:16:34Z
usr4572,PushEvent,2023-10-23T05:02:17Z
usr4572,PushEvent,2023-10-22T13:12:00Z
usr4572,PushEvent,2023-10-21T01:14:42Z
usr4572,PushEvent,2023-10-20T01:29:38Z
usr4572,PushEvent,2023-10-19T01:40:08Z
usr4572,PushEvent,2023-10-18T06:20:23Z
usr4572,PushEvent,2023-10-17T01:47:50Z
usr4574,IssueCommentEvent,2024-01-12T20:34:15Z
usr4574,PushEvent,2023-11-13T15:25:52Z
usr4575,WatchEvent,2024-01-16T09:49:01Z
usr4575,ForkEvent,2024-01-11T13:39:19Z
usr4575,WatchEvent,2024-01-11T12:22:35Z
usr4575,WatchEvent,2024-01-10T14:01:49Z
usr4575,WatchEvent,2024-01-08T12:45:33Z
usr4575,WatchEvent,2024-01-06T19:38:36Z
usr4575,WatchEvent,2023-12-25T11:36:00Z
usr4575,WatchEvent,2023-12-12T18:37:07Z
usr4575,WatchEvent,2023-12-06T13:44:02Z
usr4575,WatchEvent,2023-12-06T13:43:52Z
usr4575,PullRequestEvent,2023-12-04T12:19:03Z
usr4575,PushEvent,2023-12-04T12:18:20Z
usr4575,ForkEvent,2023-12-04T12:17:42Z
usr4575,IssuesEvent,2023-12-04T12:16:17Z
usr4575,WatchEvent,2023-12-04T11:42:59Z
usr4575,WatchEvent,2023-11-22T13:27:32Z
usr4575,WatchEvent,2023-11-20T23:53:54Z
usr4575,WatchEvent,2023-11-14T23:27:17Z
usr4575,WatchEvent,2023-11-14T23:26:28Z
usr4575,WatchEvent,2023-11-14T23:26:24Z
usr4575,WatchEvent,2023-11-14T15:51:12Z
usr4575,WatchEvent,2023-11-12T17:38:49Z
usr4575,DeleteEvent,2023-11-07T12:56:50Z
usr4575,PullRequestEvent,2023-11-07T10:47:17Z
usr4575,PushEvent,2023-11-07T10:44:01Z
usr4575,ForkEvent,2023-11-07T10:42:25Z
usr4575,IssueCommentEvent,2023-11-01T08:22:00Z
usr4575,WatchEvent,2023-10-31T08:30:42Z
usr4575,WatchEvent,2023-10-30T06:42:20Z
usr4575,WatchEvent,2023-10-27T15:10:40Z
usr4575,WatchEvent,2023-10-27T14:42:56Z
usr4575,WatchEvent,2023-10-26T12:12:20Z
usr4575,WatchEvent,2023-10-26T09:25:11Z
usr4576,PushEvent,2023-11-23T17:48:09Z
usr4576,PushEvent,2023-11-23T17:44:32Z
usr4577,PushEvent,2024-01-16T04:27:05Z
usr4577,PushEvent,2024-01-15T11:54:11Z
usr4577,PushEvent,2024-01-14T09:55:37Z
usr4577,PushEvent,2024-01-14T09:14:20Z
usr4577,PushEvent,2024-01-14T01:59:47Z
usr4577,PushEvent,2024-01-13T10:01:50Z
usr4577,PushEvent,2024-01-13T10:00:30Z
usr4577,PushEvent,2024-01-13T06:05:01Z
usr4577,PushEvent,2024-01-13T03:56:17Z
usr4577,PushEvent,2024-01-13T02:45:57Z
usr4577,PushEvent,2024-01-13T02:43:57Z
usr4577,PushEvent,2024-01-11T12:14:45Z
usr4577,PushEvent,2024-01-10T12:48:18Z
usr4577,PushEvent,2024-01-09T12:37:10Z
usr4577,IssueCommentEvent,2024-01-09T02:34:29Z
usr4577,IssuesEvent,2024-01-09T02:33:06Z
usr4577,PushEvent,2024-01-08T11:58:48Z
usr4577,PullRequestReviewCommentEvent,2024-01-07T13:25:33Z
usr4577,PullRequestReviewEvent,2024-01-07T13:25:34Z
usr4577,PullRequestReviewCommentEvent,2024-01-07T13:25:10Z
usr4577,PullRequestReviewEvent,2024-01-07T13:25:11Z
usr4577,PullRequestReviewCommentEvent,2024-01-07T12:50:03Z
usr4577,PullRequestReviewEvent,2024-01-07T12:50:04Z
usr4577,PushEvent,2024-01-07T03:20:57Z
usr4577,PushEvent,2024-01-06T09:59:19Z
usr4577,PushEvent,2024-01-06T06:50:46Z
usr4577,PushEvent,2024-01-06T03:18:27Z
usr4577,PushEvent,2024-01-05T12:25:44Z
usr4577,PushEvent,2024-01-05T09:32:00Z
usr4577,PushEvent,2024-01-05T09:27:27Z
usr4577,IssueCommentEvent,2024-01-05T08:55:56Z
usr4577,PushEvent,2024-01-05T08:53:30Z
usr4577,PushEvent,2023-12-28T11:29:40Z
usr4577,PullRequestReviewEvent,2023-12-28T11:24:57Z
usr4577,PullRequestReviewCommentEvent,2023-12-28T11:24:56Z
usr4577,PullRequestReviewCommentEvent,2023-12-28T11:23:17Z
usr4577,PullRequestReviewEvent,2023-12-28T11:23:18Z
usr4577,PushEvent,2023-12-24T11:41:55Z
usr4577,PullRequestEvent,2023-12-23T11:46:26Z
usr4577,PushEvent,2023-12-23T11:46:08Z
usr4577,CreateEvent,2023-12-23T11:23:36Z
usr4577,PushEvent,2023-12-23T06:17:09Z
usr4577,PushEvent,2023-12-23T06:15:18Z
usr4577,PullRequestEvent,2023-12-23T06:10:28Z
usr4577,PushEvent,2023-12-23T06:06:25Z
usr4577,PushEvent,2023-12-23T06:05:43Z
usr4577,PushEvent,2023-12-23T03:39:31Z
usr4577,PushEvent,2023-12-17T09:58:10Z
usr4577,PushEvent,2023-12-17T06:58:10Z
usr4577,IssueCommentEvent,2023-12-17T03:09:25Z
usr4577,PushEvent,2023-12-17T02:58:59Z
usr4577,PushEvent,2023-12-17T02:57:43Z
usr4577,PushEvent,2023-12-17T02:43:21Z
usr4577,IssueCommentEvent,2023-12-16T00:04:51Z
usr4577,PushEvent,2023-11-05T09:26:04Z
usr4577,PushEvent,2023-11-05T05:03:55Z
usr4577,PushEvent,2023-11-04T12:34:50Z
usr4577,PushEvent,2023-11-04T12:32:14Z
usr4577,PushEvent,2023-11-04T11:28:21Z
usr4577,PushEvent,2023-11-04T05:02:52Z
usr4577,PushEvent,2023-10-31T12:20:13Z
usr4577,PushEvent,2023-10-30T00:17:21Z
usr4577,PushEvent,2023-10-30T00:16:57Z
usr4577,PushEvent,2023-10-30T00:16:35Z
usr4577,PushEvent,2023-10-29T05:54:22Z
usr4577,PushEvent,2023-10-29T04:45:41Z
usr4577,PushEvent,2023-10-29T04:39:26Z
usr4577,PushEvent,2023-10-29T04:26:20Z
usr4577,PushEvent,2023-10-29T04:19:38Z
usr4577,PushEvent,2023-10-29T04:05:50Z
usr4577,PushEvent,2023-10-29T03:54:18Z
usr4577,PushEvent,2023-10-29T03:44:35Z
usr4577,PushEvent,2023-10-28T02:52:27Z
usr4577,PushEvent,2023-10-25T08:41:19Z
usr4577,PushEvent,2023-10-25T05:04:20Z
usr4577,PushEvent,2023-10-24T07:11:00Z
usr4577,PushEvent,2023-10-24T07:07:52Z
usr4577,PushEvent,2023-10-22T06:23:47Z
usr4577,PushEvent,2023-10-22T02:19:35Z
usr4577,PushEvent,2023-10-21T09:01:20Z
usr4577,PushEvent,2023-10-21T05:42:17Z
usr4577,PushEvent,2023-10-21T05:10:24Z
usr4577,PushEvent,2023-10-21T05:04:54Z
usr4577,PushEvent,2023-10-18T13:44:18Z
usr4577,PushEvent,2023-10-18T13:32:02Z
usr4577,CreateEvent,2023-10-18T12:59:22Z
usr4577,CreateEvent,2023-10-18T12:59:19Z
usr4578,None,None
usr4580,PushEvent,2023-10-23T19:05:14Z
usr4580,PushEvent,2023-10-23T19:03:22Z
usr4580,ForkEvent,2023-10-23T18:58:36Z
usr4581,None,None
usr4582,None,None
usr4583,PublicEvent,2024-01-06T17:46:33Z
usr4583,PushEvent,2024-01-02T14:10:33Z
usr4583,PushEvent,2024-01-02T14:05:25Z
usr4583,PushEvent,2023-12-31T17:30:41Z
usr4583,WatchEvent,2023-12-12T11:11:20Z
usr4583,PushEvent,2023-11-16T15:28:37Z
usr4583,PullRequestEvent,2023-11-16T15:28:36Z
usr4583,PushEvent,2023-11-16T15:27:46Z
usr4583,PushEvent,2023-11-16T15:18:55Z
usr4583,PullRequestEvent,2023-11-16T15:17:58Z
usr4583,PushEvent,2023-11-16T15:06:02Z
usr4583,PushEvent,2023-11-16T13:01:57Z
usr4583,PullRequestEvent,2023-11-16T13:01:57Z
usr4583,PullRequestEvent,2023-11-16T13:00:34Z
usr4583,PushEvent,2023-11-16T12:57:26Z
usr4583,PushEvent,2023-11-16T12:14:12Z
usr4583,PullRequestEvent,2023-11-16T12:03:58Z
usr4583,PushEvent,2023-11-16T11:57:37Z
usr4583,PullRequestEvent,2023-11-16T11:57:36Z
usr4583,PushEvent,2023-11-16T11:52:18Z
usr4583,PushEvent,2023-11-15T13:51:32Z
usr4583,PushEvent,2023-11-15T13:46:33Z
usr4583,PullRequestEvent,2023-11-15T13:41:27Z
usr4583,PullRequestEvent,2023-11-15T13:40:12Z
usr4583,PushEvent,2023-11-15T13:38:40Z
usr4583,PushEvent,2023-11-10T15:05:32Z
usr4583,PullRequestEvent,2023-11-10T15:05:32Z
usr4583,PullRequestEvent,2023-11-10T15:04:20Z
usr4583,PushEvent,2023-11-10T15:04:00Z
usr4583,PullRequestEvent,2023-11-10T15:04:00Z
usr4583,PullRequestEvent,2023-11-10T15:03:34Z
usr4583,PushEvent,2023-11-10T15:02:38Z
usr4583,PushEvent,2023-11-10T14:53:33Z
usr4583,PullRequestEvent,2023-11-10T14:53:32Z
usr4583,PushEvent,2023-11-10T14:51:18Z
usr4583,PullRequestEvent,2023-11-10T14:48:03Z
usr4583,PushEvent,2023-11-10T14:47:05Z
usr4583,PushEvent,2023-11-10T14:19:43Z
usr4583,PullRequestEvent,2023-11-10T14:19:43Z
usr4583,PullRequestEvent,2023-11-10T14:19:28Z
usr4583,PushEvent,2023-11-10T14:18:14Z
usr4583,PushEvent,2023-11-10T13:11:55Z
usr4583,PullRequestEvent,2023-11-10T13:11:54Z
usr4583,PullRequestEvent,2023-11-10T13:11:43Z
usr4583,PushEvent,2023-11-10T13:10:29Z
usr4583,PushEvent,2023-11-10T12:56:38Z
usr4583,PullRequestEvent,2023-11-10T12:56:37Z
usr4583,PullRequestEvent,2023-11-10T12:55:16Z
usr4583,PushEvent,2023-11-10T12:54:45Z
usr4583,PushEvent,2023-11-10T10:47:13Z
usr4583,PullRequestEvent,2023-11-10T10:47:12Z
usr4583,PushEvent,2023-11-10T10:45:40Z
usr4583,PullRequestEvent,2023-11-10T10:41:24Z
usr4583,PushEvent,2023-11-10T10:40:58Z
usr4583,PushEvent,2023-11-09T18:18:38Z
usr4583,PullRequestEvent,2023-11-09T18:18:37Z
usr4583,PushEvent,2023-11-09T18:17:07Z
usr4583,PullRequestEvent,2023-11-09T18:08:48Z
usr4583,PushEvent,2023-11-09T18:08:06Z
usr4583,PullRequestEvent,2023-11-09T15:05:46Z
usr4583,PushEvent,2023-11-09T15:05:46Z
usr4583,PushEvent,2023-11-09T15:05:13Z
usr4583,PullRequestEvent,2023-11-09T15:01:14Z
usr4583,PushEvent,2023-11-09T15:00:54Z
usr4583,PushEvent,2023-11-09T14:59:42Z
usr4583,PullRequestEvent,2023-11-09T14:59:41Z
usr4583,PullRequestEvent,2023-11-09T14:59:28Z
usr4583,PushEvent,2023-11-09T14:58:55Z
usr4583,PushEvent,2023-11-09T14:51:51Z
usr4583,PullRequestEvent,2023-11-09T14:51:50Z
usr4583,PushEvent,2023-11-09T14:51:27Z
usr4583,PullRequestEvent,2023-11-09T14:38:00Z
usr4583,PushEvent,2023-11-09T14:37:07Z
usr4583,PullRequestEvent,2023-11-08T11:46:41Z
usr4583,CreateEvent,2023-11-08T11:46:24Z
usr4583,PushEvent,2023-11-08T11:44:35Z
usr4583,PullRequestEvent,2023-11-08T11:44:34Z
usr4583,PushEvent,2023-11-08T11:44:20Z
usr4583,PullRequestEvent,2023-11-08T11:40:23Z
usr4583,PushEvent,2023-11-08T11:39:33Z
usr4583,PullRequestEvent,2023-11-08T11:39:33Z
usr4583,PushEvent,2023-11-08T11:38:46Z
usr4583,PullRequestEvent,2023-11-08T11:34:59Z
usr4583,PullRequestEvent,2023-11-08T11:34:35Z
usr4583,PushEvent,2023-11-08T11:30:42Z
usr4583,PushEvent,2023-11-08T11:28:33Z
usr4583,PushEvent,2023-11-06T12:22:29Z
usr4583,PullRequestEvent,2023-11-06T12:22:29Z
usr4583,PushEvent,2023-11-06T12:22:07Z
usr4583,PullRequestEvent,2023-11-06T12:18:38Z
usr4583,CreateEvent,2023-11-06T12:17:45Z
usr4583,PushEvent,2023-11-06T12:17:25Z
usr4583,PullRequestEvent,2023-11-06T12:17:25Z
usr4583,PullRequestEvent,2023-11-06T12:17:15Z
usr4583,PushEvent,2023-11-06T12:16:17Z
usr4583,PushEvent,2023-11-06T12:15:27Z
usr4583,PushEvent,2023-11-03T14:19:56Z
usr4583,PullRequestEvent,2023-11-03T14:19:56Z
usr4583,PullRequestEvent,2023-11-03T14:19:49Z
usr4583,PushEvent,2023-11-03T14:17:17Z
usr4583,PushEvent,2023-11-03T13:12:05Z
usr4583,PullRequestEvent,2023-11-03T13:12:05Z
usr4583,PushEvent,2023-11-03T13:07:11Z
usr4583,PullRequestEvent,2023-11-03T13:03:29Z
usr4583,PullRequestEvent,2023-11-03T13:02:52Z
usr4583,PushEvent,2023-11-03T13:01:14Z
usr4583,PushEvent,2023-11-02T14:15:21Z
usr4583,PullRequestEvent,2023-11-02T14:15:20Z
usr4583,PullRequestEvent,2023-11-02T14:15:13Z
usr4583,PushEvent,2023-11-02T14:10:31Z
usr4583,PushEvent,2023-11-02T11:23:04Z
usr4583,PullRequestEvent,2023-11-02T11:23:03Z
usr4583,PullRequestEvent,2023-11-02T11:22:55Z
usr4583,PushEvent,2023-11-02T11:22:22Z
usr4583,PushEvent,2023-11-02T10:52:54Z
usr4583,PullRequestEvent,2023-11-02T10:52:53Z
usr4583,PullRequestEvent,2023-11-02T10:52:44Z
usr4583,PushEvent,2023-11-02T10:52:14Z
usr4583,PushEvent,2023-11-02T10:43:32Z
usr4583,PullRequestEvent,2023-11-02T10:43:32Z
usr4583,PushEvent,2023-11-02T10:43:17Z
usr4583,PullRequestEvent,2023-11-02T10:40:30Z
usr4583,PushEvent,2023-11-02T10:39:56Z
usr4583,PushEvent,2023-11-01T12:33:27Z
usr4583,PullRequestEvent,2023-11-01T12:33:27Z
usr4583,PullRequestEvent,2023-11-01T12:33:17Z
usr4583,PushEvent,2023-11-01T12:32:42Z
usr4583,PushEvent,2023-11-01T10:25:58Z
usr4583,PullRequestEvent,2023-11-01T10:25:57Z
usr4583,PullRequestEvent,2023-11-01T10:25:49Z
usr4583,PushEvent,2023-11-01T10:15:13Z
usr4583,PushEvent,2023-11-01T10:03:58Z
usr4583,PullRequestEvent,2023-11-01T10:03:58Z
usr4583,PushEvent,2023-11-01T10:03:18Z
usr4583,PullRequestEvent,2023-11-01T09:58:12Z
usr4583,PushEvent,2023-11-01T09:57:39Z
usr4583,PushEvent,2023-10-27T12:37:46Z
usr4583,PullRequestEvent,2023-10-27T12:37:46Z
usr4583,PullRequestEvent,2023-10-27T12:37:38Z
usr4583,PushEvent,2023-10-27T12:37:28Z
usr4583,PushEvent,2023-10-27T12:35:26Z
usr4583,PushEvent,2023-10-27T12:28:42Z
usr4583,PullRequestEvent,2023-10-27T12:28:42Z
usr4583,PullRequestEvent,2023-10-27T12:28:32Z
usr4583,PushEvent,2023-10-27T12:28:12Z
usr4583,PullRequestEvent,2023-10-27T12:28:11Z
usr4583,PullRequestEvent,2023-10-27T12:28:01Z
usr4583,PushEvent,2023-10-27T12:27:32Z
usr4583,CreateEvent,2023-10-27T12:09:37Z
usr4583,PushEvent,2023-10-27T11:51:30Z
usr4583,PullRequestEvent,2023-10-27T11:51:29Z
usr4583,PushEvent,2023-10-27T11:51:07Z
usr4583,PullRequestEvent,2023-10-27T11:42:10Z
usr4583,PushEvent,2023-10-27T11:41:47Z
usr4583,PushEvent,2023-10-26T08:10:08Z
usr4583,PullRequestEvent,2023-10-26T08:10:07Z
usr4583,PushEvent,2023-10-26T08:09:19Z
usr4583,PullRequestEvent,2023-10-26T07:34:50Z
usr4583,PushEvent,2023-10-26T07:32:44Z
usr4583,PushEvent,2023-10-26T04:55:14Z
usr4583,PullRequestEvent,2023-10-26T04:55:13Z
usr4583,PullRequestEvent,2023-10-26T04:55:05Z
usr4583,PushEvent,2023-10-26T04:54:43Z
usr4583,PushEvent,2023-10-25T13:49:31Z
usr4583,PushEvent,2023-10-25T13:21:29Z
usr4583,PullRequestEvent,2023-10-25T13:21:29Z
usr4583,PullRequestEvent,2023-10-25T13:21:18Z
usr4583,CreateEvent,2023-10-25T13:20:55Z
usr4583,PullRequestEvent,2023-10-20T14:55:52Z
usr4583,PushEvent,2023-10-20T14:55:53Z
usr4583,PullRequestEvent,2023-10-20T14:55:41Z
usr4583,PushEvent,2023-10-20T14:54:55Z
usr4583,PushEvent,2023-10-20T14:52:17Z
usr4583,PullRequestEvent,2023-10-20T14:52:16Z
usr4583,PullRequestEvent,2023-10-20T14:52:03Z
usr4583,PushEvent,2023-10-20T14:51:28Z
usr4583,PushEvent,2023-10-20T13:26:35Z
usr4583,PullRequestEvent,2023-10-20T13:26:34Z
usr4583,PullRequestEvent,2023-10-20T13:25:50Z
usr4583,PushEvent,2023-10-20T13:23:54Z
usr4583,PushEvent,2023-10-20T13:11:54Z
usr4583,PushEvent,2023-10-20T12:14:39Z
usr4583,PushEvent,2023-10-20T11:21:56Z
usr4583,PullRequestEvent,2023-10-20T11:21:56Z
usr4583,PullRequestEvent,2023-10-20T11:21:47Z
usr4583,CreateEvent,2023-10-20T11:21:29Z
usr4584,PushEvent,2023-12-04T21:27:13Z
usr4584,IssueCommentEvent,2023-11-08T16:42:57Z
usr4585,PublicEvent,2024-01-05T18:57:26Z
usr4585,PublicEvent,2024-01-05T18:56:42Z
usr4586,None,None
usr4587,PushEvent,2023-12-26T17:17:44Z
usr4587,PushEvent,2023-12-26T17:04:09Z
usr4587,PullRequestEvent,2023-12-26T17:04:08Z
usr4587,PullRequestEvent,2023-12-26T17:03:53Z
usr4587,PushEvent,2023-12-26T17:02:55Z
usr4587,PushEvent,2023-12-26T16:59:29Z
usr4587,PushEvent,2023-12-26T14:25:54Z
usr4587,PushEvent,2023-12-25T10:14:06Z
usr4587,PushEvent,2023-12-24T18:22:43Z
usr4587,PushEvent,2023-12-22T15:56:22Z
usr4587,PushEvent,2023-12-22T15:44:06Z
usr4587,PushEvent,2023-12-22T14:15:57Z
usr4587,CreateEvent,2023-12-22T14:09:18Z
usr4587,CreateEvent,2023-12-21T12:51:06Z
usr4587,CreateEvent,2023-12-21T12:51:04Z
usr4587,PushEvent,2023-12-19T12:12:59Z
usr4587,PushEvent,2023-11-27T17:28:31Z
usr4587,PushEvent,2023-11-27T16:00:32Z
usr4587,PushEvent,2023-11-27T10:12:57Z
usr4587,PushEvent,2023-11-27T10:12:01Z
usr4587,CreateEvent,2023-11-27T09:00:11Z
usr4587,CreateEvent,2023-11-27T09:00:10Z
usr4587,ForkEvent,2023-11-27T08:32:47Z
usr4587,PushEvent,2023-11-14T14:47:18Z
usr4587,PullRequestEvent,2023-11-14T14:47:17Z
usr4587,PullRequestEvent,2023-11-14T14:47:11Z
usr4587,CreateEvent,2023-11-14T14:47:05Z
usr4587,CreateEvent,2023-11-13T15:53:58Z
usr4587,CreateEvent,2023-11-13T15:53:57Z
usr4587,PushEvent,2023-10-19T09:13:49Z
usr4587,PullRequestEvent,2023-10-19T09:13:48Z
